25 5 5 25 
0 0  0.0274813 0.0197017 0.00240684 -0.0164686 -0.0303848 0.0141169 0.00868267 -0.00384533 -0.0183349 -0.027442 -0.00673473 -0.00897801 -0.0138133 -0.0188679 -0.0173787 -0.0129382 -0.0153384 -0.017051 -0.0127735 -0.000798404 -0.0122583 -0.0147218 -0.0134946 -0.00128943 0.0161852
0 1  -0.0341656 -0.0276033 -0.0125207 0.00529784 0.0194902 -0.0252916 -0.0153719 -0.00280815 0.010371 0.0225785 -0.00471866 0.00922197 0.0144925 0.0175133 0.0264831 0.0171907 0.0286148 0.0236647 0.0173164 0.025856 0.0301142 0.0325776 0.0206228 0.0119383 0.0231588
0 2  0.0261334 0.0249467 0.0311748 0.056274 0.0723444 0.0304062 0.0318245 0.035466 0.0470166 0.0440038 0.0370967 0.041762 0.0360995 0.0166361 -0.0185122 0.0402794 0.044223 0.0228106 -0.0303577 -0.0804505 0.0400949 0.0400948 0.00449067 -0.0703502 -0.118353
0 3  0.0480555 -0.00389582 -0.0556324 -0.0759934 -0.0419428 0.00526261 -0.0400854 -0.0539536 -0.0383671 -0.00726086 -0.0641916 -0.0829645 -0.0408027 0.0209716 0.0493113 -0.0880922 -0.0571439 -0.00537187 0.0453399 0.0768061 -0.0749738 0.00487053 0.0458588 0.0622431 0.0896516
0 4  0.0163613 0.057266 0.0778376 0.0845851 0.0644284 0.0299581 0.064593 0.0849462 0.0796478 0.0500637 0.060842 0.0859786 0.10126 0.07346 0.0272909 0.0979198 0.120391 0.122365 0.079409 0.0244778 0.120236 0.132586 0.11505 0.0642526 0.00747561
0 5  0.00747818 -0.0322412 0.00790322 0.0891383 0.142246 0.00674051 -0.0111579 0.0340841 0.0990781 0.120247 0.00344849 0.0122103 0.0479377 0.0727048 0.0475078 0.00222164 0.00140464 -0.00614572 -0.0267119 -0.0551181 -0.0240321 -0.0434663 -0.0742292 -0.102014 -0.101756
0 6  0.153864 0.134324 0.104725 0.0877426 0.088137 0.10545 0.0869107 0.0697746 0.0494455 0.0340413 0.00598669 3.21865e-05 0.00970083 -0.00731671 -0.039118 -0.0686351 -0.0450267 -0.0112657 -0.00786239 -0.0253368 -0.074928 -0.0345727 0.00164175 0.017089 0.0173435
0 7  0.10119 0.109161 0.0923679 0.0598041 0.0314888 0.0342017 0.0393766 0.0322855 0.0156252 0.000255257 -0.0548593 -0.0546893 -0.0513295 -0.0486207 -0.0461853 -0.0364642 -0.0402793 -0.0459816 -0.051434 -0.0503091 0.0153315 0.00899723 -0.00824431 -0.0267693 -0.0321232
0 8  0.0110708 -0.00450021 -0.010978 -0.00284144 0.00401023 -0.0107801 -0.0179145 -0.0210865 -0.0203892 -0.0214656 -0.0428587 -0.0377865 -0.0371686 -0.0480987 -0.0585355 -0.044641 -0.0402335 -0.0433182 -0.0572292 -0.0618013 -0.0307461 -0.0365586 -0.046405 -0.0484382 -0.0307812
0 9  -0.0124203 -0.0343018 -0.0276426 0.000516474 0.0227997 -0.0305401 -0.0356157 -0.0184577 0.0105036 0.0274518 -0.0492465 -0.0233561 0.00479656 0.0261612 0.0352376 -0.030483 0.0150816 0.0333052 0.0316467 0.0399658 0.014285 0.05814 0.0597156 0.0400602 0.0466334
0 10  0.0306126 0.0260407 0.016259 0.0102039 0.00598043 0.0302538 0.0281429 0.026581 0.0281163 0.0280164 0.0360112 0.0367854 0.039572 0.0426086 0.0416378 0.0541397 0.0530274 0.0360677 0.0143734 -0.00441733 0.0651485 0.0515743 0.00757504 -0.0396599 -0.0731764
0 11  -0.00349039 -0.0159494 -0.0233081 -0.019105 0.000472605 0.019038 0.00889879 0.0126584 0.0229361 0.020547 0.0329419 0.02975 0.0517324 0.0732512 0.0472502 -0.0141797 -0.00702363 0.0234857 0.0535493 0.0456752 -0.0824934 -0.0651472 -0.0249456 0.0170743 0.0321413
0 12  0.021398 0.0202011 0.00111276 -0.014402 -0.0174831 0.0138819 0.0259818 0.0433214 0.0310264 -0.00239384 0.00931323 0.0388091 0.099768 0.0879488 0.0156263 0.0251591 0.0505191 0.0927654 0.0721509 0.0109968 0.0292595 0.0385244 0.0512899 0.0366939 0.0145292
0 13  -0.00898319 -0.000255436 -0.00765991 -0.0217928 -0.0157901 -0.0210374 -0.0226949 -0.0272692 -0.0315544 -0.0160989 -0.0298984 -0.0356429 -0.0392035 -0.0423558 -0.0211559 -0.00503126 0.0154102 0.00223407 -0.0355868 -0.0340503 0.0335328 0.0647547 0.0317385 -0.0396279 -0.0538345
0 14  0.0107744 0.0380214 0.0495276 0.0328245 0.00143898 0.0184503 0.0552275 0.0705172 0.0379716 -0.01914 0.0244443 0.074636 0.0937257 0.0383188 -0.0554343 0.0121067 0.0625935 0.0765301 0.0171099 -0.0812935 -0.0059365 0.0407551 0.0447873 -0.0147687 -0.109167
0 15  -0.0124082 -0.011537 -0.0261132 -0.0631101 -0.10951 -0.0413917 -0.0303965 -0.0362229 -0.0751072 -0.132952 -0.0931225 -0.0739748 -0.071882 -0.109307 -0.162456 -0.132202 -0.131768 -0.14121 -0.165174 -0.159974 -0.173132 -0.193781 -0.199106 -0.179652 -0.0962142
0 16  -0.162279 -0.226068 -0.278803 -0.275472 -0.198725 -0.190947 -0.227072 -0.222442 -0.162552 -0.0612808 -0.195709 -0.166583 -0.0727448 0.0508186 0.152719 -0.105776 -0.0065729 0.108105 0.187102 0.197128 0.0366496 0.157006 0.220572 0.201984 0.113128
0 17  -0.0603219 0.0851806 0.146231 0.107926 0.0320699 0.0408026 0.105035 0.0973211 0.0330017 -0.0251009 0.170013 0.100636 0.000712931 -0.0784239 -0.094048 0.12429 0.00469506 -0.0805906 -0.0984715 -0.0650005 -6.77109e-05 -0.0882581 -0.102412 -0.049585 0.00945425
0 18  -0.036098 -0.0715681 -0.0689139 -0.0423895 -0.00841355 -0.0488847 -0.0470476 -0.0300779 -0.0086031 0.00954235 -0.0503984 0.00221759 0.0351106 0.0445711 0.0361167 -0.00684702 0.0415153 0.062939 0.058896 0.0386088 0.0446686 0.0595464 0.0582812 0.0442021 0.0238263
0 19  0.015371 0.0246166 0.0294931 0.0327377 0.0280987 0.0194278 0.021647 0.0225556 0.023102 0.0180405 0.0234976 0.0141393 0.00796038 0.00345051 -0.00186324 0.0182721 0.00494879 -0.00469548 -0.012188 -0.0162922 0.00690442 -0.00342375 -0.0113345 -0.0178235 -0.0198347
0 20  0.0168909 0.00981843 0.010563 0.0135913 0.0146759 0.00861359 0.0039922 0.00677663 0.0110046 0.0122422 -0.00682634 -0.00606376 0.000514388 0.00627893 0.00704896 -0.0157989 -0.0098148 -0.00089705 0.00426936 0.00306672 -0.016214 -0.00840932 5.99623e-05 0.00341249 0.000772476
0 21  0.0119201 0.00630587 0.00229341 0.00140852 0.00100189 0.00864738 0.00216001 -0.000700235 0.00170833 0.00419027 0.00227147 -0.0045262 -0.00498301 0.00225127 0.00884819 -0.00171471 -0.00594246 -0.0042848 0.00331521 0.00983626 -0.00248384 -0.00292128 -0.000127196 0.00453323 0.00760418
0 22  -0.000184834 -0.00112987 -0.00083667 0.00144976 0.00551367 0.00401765 0.00247514 0.000935078 0.000521481 0.00177741 0.0100593 0.00696313 0.00153965 -0.00350827 -0.00601846 0.0107807 0.00581622 -0.00291497 -0.0101698 -0.0123931 0.00677043 0.00150591 -0.00653112 -0.0127388 -0.0138215
0 23  0.00975865 0.0123115 0.0110138 0.00670487 0.00480217 0.00442445 0.00718635 0.00734562 0.004897 0.00412691 -0.00471765 -0.000580132 0.00210744 0.00194681 0.00234771 -0.00886297 -0.00186026 0.00214332 0.0011189 0.0003528 -0.00875503 -0.000204921 0.00389278 0.00127882 -0.000953436
0 24  0.00666237 0.00662059 0.00214827 -0.00298434 -0.00526845 0.005961 0.0054599 0.000712097 -0.00425446 -0.00632662 0.00406468 0.00304163 -0.00187325 -0.00626576 -0.00768584 0.00177014 0.00101352 -0.00331593 -0.00674957 -0.00716192 0.000193357 -2.0802e-05 -0.00341672 -0.00579911 -0.00518662
