1225 35 35 25
0 0 7 6 4 0 251 6 5 2 254 250 3 2 254 251 250 1 255 252 252 0 0 252 250 255 7
0 1 248 248 253 4 8 249 252 0 5 8 253 2 5 6 7 5 8 6 4 6 10 9 5 2 4
0 2 8 7 8 13 16 9 8 8 9 8 8 9 6 1 249 8 8 2 246 238 8 6 253 239 233
0 3 9 254 245 244 253 255 247 247 253 4 241 241 251 9 13 240 250 5 12 16 247 10 16 14 17
0 4 9 14 13 12 9 10 14 15 12 7 14 17 18 10 2 19 22 22 13 4 22 23 20 10 2
0 5 1 251 3 17 26 0 0 11 23 26 1 7 16 22 16 4 7 7 255 248 0 254 245 236 235
0 6 28 25 20 18 18 22 19 15 11 7 7 4 5 0 248 244 250 1 0 251 241 250 3 6 5
0 7 23 27 25 17 11 8 11 9 5 3 245 245 245 244 245 248 248 244 243 244 4 2 253 249 248
0 8 6 255 252 254 255 0 253 250 249 249 249 250 247 242 238 247 249 245 239 237 250 248 244 241 246
0 9 250 244 247 1 7 246 244 249 2 9 241 249 255 5 13 247 5 10 8 15 4 20 21 15 19
0 10 9 9 10 7 1 13 15 15 12 7 21 23 20 14 10 26 25 14 4 253 25 18 0 242 236
0 11 252 248 248 253 3 2 0 3 10 9 5 5 15 23 15 250 251 4 13 12 233 235 244 255 8
0 12 10 8 2 254 254 5 8 14 11 1 2 10 29 26 4 7 14 23 17 1 11 11 9 4 1
0 13 255 255 252 249 253 251 249 247 246 252 247 247 245 241 248 254 6 1 242 245 10 19 8 242 241
0 14 6 13 12 6 253 8 18 19 9 248 9 24 27 11 241 7 23 25 6 235 3 18 16 254 230
0 15 250 250 247 239 230 243 246 246 238 226 231 237 240 233 221 224 228 227 219 220 217 215 214 215 236
0 16 219 206 193 193 213 212 204 208 225 252 211 220 248 26 50 234 7 39 56 50 15 49 65 51 15
0 17 253 39 50 25 250 22 36 26 254 233 47 19 239 215 216 22 240 216 214 232 235 216 219 240 6
0 18 229 225 235 248 1 230 239 253 5 7 238 8 23 24 15 3 22 29 24 12 20 24 21 13 5
0 19 7 10 11 12 11 7 6 6 7 6 5 2 255 254 255 3 254 251 250 251 255 252 251 250 251
0 20 9 6 5 4 4 5 4 4 5 5 0 1 4 4 4 253 0 4 4 3 255 2 4 3 3
0 21 4 3 2 2 3 4 1 0 2 3 2 255 255 1 3 1 255 255 2 3 2 1 1 3 3
0 22 3 3 2 2 3 3 2 1 0 1 4 2 255 254 0 2 1 254 252 254 2 255 252 252 255
0 23 4 5 4 3 3 3 4 3 3 3 1 2 2 2 2 1 1 1 2 1 2 1 1 1 1
0 24 3 3 2 2 1 3 2 2 1 1 2 1 0 0 1 0 255 255 0 1 0 255 255 0 2
0 25 0 1 1 0 0 0 1 0 0 0 0 1 0 1 1 0 0 1 1 2 1 0 0 1 2
0 26 3 3 2 0 255 2 2 1 1 1 1 1 1 1 4 2 1 2 4 6 3 4 4 5 8
0 27 0 3 6 8 9 2 4 7 8 8 6 7 8 9 10 7 7 8 13 21 10 13 17 23 31
0 28 8 9 11 18 25 8 10 18 27 35 12 18 27 35 39 29 34 31 23 13 38 35 19 253 236
0 29 35 44 53 56 48 41 44 41 31 16 37 32 16 246 225 7 5 252 235 220 230 238 246 246 240
0 30 27 6 252 248 244 1 247 245 247 248 219 224 235 246 251 218 224 236 245 248 235 235 240 244 241
0 31 243 245 248 248 248 249 249 250 249 247 253 252 250 247 243 246 243 241 238 236 237 234 234 235 236
0 32 247 246 247 246 241 244 243 242 242 240 240 237 238 239 242 234 235 239 244 249 238 242 249 0 5
0 33 236 231 227 224 221 237 235 233 232 232 243 246 248 249 251 255 4 7 7 7 9 14 16 14 12
0 34 222 225 233 244 0 233 238 247 0 7 255 5 11 17 21 11 15 15 19 27 12 13 12 17 31
1 0 251 250 251 3 11 247 250 1 8 13 248 254 8 14 13 250 2 12 12 7 253 1 4 255 248
1 1 11 7 4 3 5 10 6 4 6 7 11 10 10 10 11 6 9 11 14 16 248 254 5 14 22
1 2 6 5 252 239 234 6 6 0 242 238 10 11 6 248 242 19 19 13 253 246 30 30 21 4 250
1 3 252 18 24 20 19 255 23 31 24 16 6 29 31 16 4 10 31 25 3 245 7 21 10 245 235
1 4 18 14 8 255 245 8 1 249 240 233 250 242 235 231 231 239 234 231 234 244 233 233 237 249 7
1 5 239 236 239 245 252 228 232 247 10 19 240 253 10 18 18 5 19 22 14 1 15 14 9 255 244
1 6 2 6 7 6 5 19 15 7 1 254 10 2 251 249 249 246 239 239 244 250 237 236 241 249 1
1 7 3 0 252 250 250 251 249 248 248 249 250 249 249 248 247 253 252 251 249 244 0 251 250 249 242
1 8 250 244 240 247 6 248 240 238 254 23 244 238 240 7 33 241 241 251 16 37 237 250 15 30 32
1 9 20 27 28 23 21 34 32 30 26 18 42 33 26 20 8 40 29 18 7 249 26 16 4 250 239
1 10 17 3 242 230 226 4 244 231 223 221 246 234 228 221 220 236 231 230 228 232 231 228 234 247 9
1 11 224 228 245 10 12 225 238 5 24 12 239 9 23 17 254 4 35 30 1 241 29 37 19 248 245
1 12 1 253 2 10 14 243 242 6 22 24 239 249 18 25 12 247 9 22 13 247 6 14 5 245 231
1 13 16 10 249 233 238 11 247 230 225 238 250 234 224 224 241 234 231 229 228 244 231 238 235 229 240
1 14 3 15 11 248 224 5 17 10 242 215 10 19 8 238 212 10 15 0 234 223 3 1 237 235 255
1 15 206 202 214 238 16 200 206 235 19 49 213 240 21 47 50 243 27 53 52 26 29 50 47 22 249
1 16 48 58 44 13 237 57 38 3 232 224 30 1 234 228 240 248 227 229 245 8 230 228 243 7 22
1 17 223 229 246 9 20 235 2 19 24 21 3 21 28 23 17 23 27 23 17 11 28 24 17 9 5
1 18 23 19 12 5 0 16 11 6 1 253 11 7 3 0 253 7 5 2 255 254 3 2 0 254 254
1 19 253 251 252 253 255 251 252 253 1 3 252 253 255 2 4 254 255 0 3 4 255 0 2 5 4
1 20 1 4 4 4 2 4 4 3 3 3 3 3 2 2 1 2 1 1 1 0 2 0 255 255 254
1 21 2 2 3 3 2 3 4 4 3 2 2 3 4 2 1 1 2 3 2 1 254 0 1 2 1
1 22 1 255 255 255 0 0 0 1 0 0 0 0 1 1 1 255 255 255 0 0 0 255 0 0 0
1 23 0 1 1 1 0 255 0 0 1 0 0 0 1 1 1 0 1 1 2 2 0 1 2 3 3
1 24 0 255 0 1 2 0 0 255 0 1 0 0 1 0 0 1 0 1 1 1 2 0 0 2 4
1 25 2 1 1 1 3 2 3 3 2 3 2 4 5 6 6 2 5 8 11 14 6 7 11 17 28
1 26 5 6 6 8 13 7 10 13 17 23 10 18 29 39 41 20 30 43 48 40 41 46 39 24 5
1 27 21 32 38 37 30 33 43 45 35 13 36 28 17 1 238 20 250 230 222 217 236 210 202 217 231
1 28 19 5 244 229 219 242 223 218 219 220 216 208 217 228 231 211 214 229 242 243 231 231 240 246 244
1 29 221 239 254 2 252 229 250 10 10 2 238 254 11 13 7 243 253 6 11 11 243 249 1 7 13
1 30 244 237 237 237 236 249 241 238 238 240 2 254 252 253 255 13 15 14 13 14 18 21 22 19 18
1 31 235 235 239 245 251 243 246 252 5 12 2 6 12 16 20 16 19 21 19 17 17 18 18 14 10
1 32 254 2 9 14 14 15 17 21 21 16 20 19 19 17 12 14 12 10 8 7 7 4 2 1 4
1 33 12 12 14 13 12 10 6 6 9 9 7 2 2 3 7 5 2 0 3 14 5 3 5 15 35
1 34 8 9 19 30 34 6 13 36 47 27 15 32 58 54 1 34 56 66 39 225 59 67 43 253 202
2 0 1 0 252 245 238 7 6 1 252 248 16 15 13 11 9 22 22 22 20 13 21 22 21 19 10
2 1 238 243 252 8 22 246 246 248 254 9 2 252 246 246 251 1 245 242 245 246 249 235 237 245 246
2 2 33 35 26 10 253 21 29 27 13 253 3 14 19 11 252 247 252 1 2 254 243 241 243 249 254
2 3 254 2 250 237 233 244 241 237 236 240 239 232 233 240 250 245 237 238 248 5 252 248 250 1 12
2 4 237 241 251 10 19 247 254 5 11 11 5 10 11 6 255 15 16 10 4 254 19 15 6 3 3
2 5 13 255 246 243 239 4 249 245 244 241 251 250 250 249 247 252 249 245 245 255 253 245 238 242 8
2 6 238 242 251 4 6 241 251 8 11 4 249 5 16 11 252 11 17 14 2 245 30 26 6 248 241
2 7 255 246 246 248 241 250 242 242 245 246 244 241 241 245 252 240 241 244 249 4 238 242 247 0 10
2 8 240 5 33 38 22 253 19 39 32 8 10 27 35 20 251 16 26 26 8 243 18 20 15 0 241
2 9 8 255 249 243 235 250 246 246 242 237 240 244 246 244 241 238 242 244 242 246 239 243 243 243 252
2 10 231 232 244 13 37 235 246 9 25 32 244 6 27 27 12 1 18 28 17 254 11 20 17 3 248
2 11 41 26 7 253 4 26 16 13 18 20 6 12 25 34 22 254 14 27 24 3 0 19 21 4 232
2 12 17 6 236 225 233 10 241 216 227 0 250 224 217 247 28 231 224 243 21 42 217 237 22 46 34
2 13 243 245 235 224 234 9 246 223 214 232 25 240 210 209 238 18 224 201 220 3 250 207 205 241 27
2 14 254 251 234 248 31 5 15 10 20 39 22 46 47 38 22 43 60 48 22 248 53 49 22 247 226
2 15 54 44 15 241 227 37 11 240 226 232 0 233 223 232 253 228 223 233 253 16 222 236 255 16 24
2 16 233 248 7 18 23 252 13 16 17 17 18 25 18 13 12 26 26 16 9 7 24 19 14 8 6
2 17 22 19 11 4 0 17 13 7 0 252 12 9 4 0 252 7 6 4 0 253 5 5 4 2 255
2 18 255 0 254 254 255 252 252 252 254 0 251 251 252 254 0 252 252 254 0 2 255 0 0 1 1
2 19 1 2 3 5 5 1 2 3 4 4 1 1 1 2 3 1 0 0 1 2 1 255 255 0 2
2 20 2 0 255 254 253 3 1 0 255 255 4 2 1 0 0 2 2 0 0 255 2 1 255 255 254
2 21 253 254 255 0 0 255 0 254 253 252 0 1 254 251 250 0 0 255 252 250 254 0 0 0 253
2 22 1 1 1 0 255 255 1 2 1 1 253 1 3 3 4 251 254 2 5 4 251 252 1 5 5
2 23 255 1 3 5 4 0 0 2 2 2 2 2 1 0 0 3 4 3 2 2 4 5 6 5 3
2 24 2 1 2 4 7 1 1 3 6 9 255 1 4 8 12 1 2 5 10 13 2 3 4 9 13
2 25 10 12 17 27 39 14 21 31 39 37 17 26 35 36 16 17 18 15 1 235 14 5 245 220 205
2 26 47 39 12 242 223 17 245 221 213 222 230 194 183 201 237 206 185 183 205 243 201 204 208 220 242
2 27 206 189 194 228 1 223 207 205 234 10 1 242 227 236 3 13 11 251 237 245 7 18 10 245 238
2 28 4 252 248 244 241 23 18 1 244 244 27 30 10 248 251 18 33 18 255 255 5 25 21 9 4
2 29 242 245 252 4 13 246 245 247 1 12 254 246 243 254 11 1 249 245 252 5 2 253 248 248 253
2 30 19 22 20 17 14 18 18 14 11 9 15 13 9 6 6 9 9 5 2 5 3 7 3 0 4
2 31 12 10 9 7 4 9 7 5 3 2 7 7 6 4 2 8 7 5 3 3 8 6 3 3 4
2 32 2 0 255 0 3 1 1 2 3 5 2 4 5 9 14 4 5 7 17 36 6 10 17 33 55
2 33 7 9 19 39 61 12 25 45 68 73 25 44 63 73 58 53 57 50 34 8 66 48 14 237 216
2 34 70 53 3 211 195 49 7 223 200 206 10 218 203 211 223 230 206 209 225 236 211 217 226 236 243
3 0 10 9 9 9 4 255 255 0 1 2 2 2 3 7 10 13 13 14 14 14 23 21 16 6 0
3 1 246 235 234 238 241 252 244 238 237 241 7 3 254 252 252 13 13 14 13 8 4 10 12 10 6
3 2 242 243 244 245 248 246 250 249 244 242 252 249 246 242 244 1 247 242 243 253 1 251 249 254 8
3 3 251 255 4 9 13 250 5 12 13 8 0 13 15 9 0 11 20 15 2 247 19 22 11 252 244
3 4 14 8 1 0 255 2 254 252 251 248 248 245 245 245 242 241 240 241 241 240 243 242 243 242 240
3 5 247 238 239 252 23 240 236 247 12 35 238 241 2 25 42 239 247 11 34 43 240 249 17 40 41
3 6 41 25 251 238 240 42 18 241 233 242 40 12 236 232 243 32 5 235 233 243 22 252 234 233 244
3 7 241 242 252 9 17 243 242 253 15 24 243 241 253 17 26 245 244 254 15 22 252 0 4 8 11
3 8 18 14 5 250 240 20 11 0 246 241 22 12 0 246 241 20 13 2 248 243 11 8 3 252 250
3 9 241 247 250 253 3 243 251 1 3 5 245 252 255 254 252 248 255 253 246 245 0 9 7 255 255
3 10 12 11 3 247 242 4 255 247 238 238 249 244 237 232 238 247 242 235 233 242 1 252 243 243 251
3 11 1 20 15 245 217 1 20 12 237 212 4 24 9 230 212 11 28 8 226 217 16 28 8 229 229
3 12 212 251 47 53 10 216 6 55 45 244 226 10 45 29 240 240 13 28 17 254 0 18 20 15 15
3 13 220 198 219 9 38 206 209 242 23 30 225 244 8 14 0 3 24 20 247 224 26 33 11 229 214
3 14 37 17 246 231 230 7 238 225 231 250 232 221 228 247 15 218 226 244 11 28 227 246 6 19 29
3 15 242 4 17 22 22 14 25 26 20 15 30 30 24 15 10 33 25 17 12 8 27 19 11 8 6
3 16 18 14 10 6 4 13 10 7 5 3 8 7 7 5 2 6 6 7 5 1 5 6 6 4 1
3 17 3 4 4 3 2 3 4 3 2 2 1 2 2 1 1 255 0 1 0 255 0 2 2 1 0
3 18 1 1 1 1 0 2 1 1 0 255 0 0 255 0 1 0 0 255 0 2 1 0 255 1 4
3 19 0 1 2 4 3 1 5 6 6 5 3 5 7 7 5 4 5 5 5 3 5 5 3 0 255
3 20 2 0 253 252 251 2 254 251 249 250 0 251 248 248 251 254 250 248 250 254 254 252 251 253 0
3 21 253 1 4 2 255 253 2 5 4 0 0 4 5 2 255 3 5 5 2 0 4 7 6 2 0
3 22 252 251 1 5 5 253 253 1 4 5 254 0 2 3 3 0 2 2 1 1 0 1 1 255 253
3 23 5 5 6 6 5 4 4 3 3 2 3 1 0 255 252 255 254 253 250 248 253 252 251 250 250
3 24 3 2 2 6 11 0 0 0 3 8 252 254 1 5 9 250 253 3 8 12 252 0 5 9 13
3 25 11 1 239 216 203 10 5 248 232 221 13 14 8 251 237 17 21 19 8 249 16 21 20 11 255
3 26 210 224 236 241 243 223 234 249 255 248 232 234 244 252 254 237 231 233 241 255 242 235 233 237 246
3 27 249 7 11 255 243 243 249 2 4 253 253 251 252 0 253 8 5 0 255 252 1 13 18 13 5
3 28 249 5 16 17 9 242 245 9 22 13 242 242 5 20 16 247 248 2 13 18 254 251 252 5 18
3 29 255 252 249 243 243 0 251 246 237 236 5 254 246 236 235 15 4 248 239 239 23 13 0 247 244
3 30 255 7 3 255 1 251 7 4 255 0 248 4 4 0 1 248 0 3 4 6 249 255 2 8 16
3 31 5 5 2 1 4 3 4 5 6 12 4 9 16 26 38 13 22 33 47 58 27 39 47 49 44
3 32 12 26 43 56 56 26 46 63 63 34 52 58 51 28 249 61 48 15 236 214 29 7 235 215 211
3 33 40 8 231 211 207 251 220 204 209 222 219 207 210 224 238 208 216 229 239 246 219 231 242 248 249
3 34 217 231 238 242 248 234 241 244 246 250 244 248 249 251 254 249 250 252 255 1 251 252 254 1 4
4 0 24 21 8 248 240 15 8 251 242 238 4 252 240 241 248 5 251 238 244 254 13 2 244 247 0
4 1 247 1 3 255 255 245 253 255 255 1 251 253 255 3 6 254 251 253 2 3 255 250 250 252 251
4 2 0 1 5 11 18 4 6 10 16 21 7 7 9 16 21 4 4 8 16 19 251 0 8 15 16
4 3 21 18 7 249 245 18 10 255 249 248 13 1 250 249 250 11 0 251 251 251 9 2 255 254 251
4 4 247 249 248 245 241 252 253 251 247 242 252 254 252 247 243 250 249 249 247 247 248 245 246 249 252
4 5 239 248 18 42 36 241 251 17 35 28 246 0 13 22 19 253 3 7 8 9 1 5 0 252 3
4 6 11 243 230 233 245 5 239 230 237 253 5 244 235 243 3 8 0 249 253 5 13 15 10 5 0
4 7 6 15 11 0 254 13 20 10 251 247 15 14 3 248 246 5 1 252 248 249 249 244 244 250 253
4 8 0 2 2 0 0 251 254 254 255 2 251 253 252 254 0 252 252 252 252 255 253 253 253 254 255
4 9 8 16 17 15 15 7 13 17 19 20 2 4 8 13 15 255 255 0 3 4 255 254 252 251 250
4 10 15 10 0 254 6 19 12 4 3 10 12 5 255 0 7 1 250 244 246 252 248 241 235 235 240
4 11 19 24 5 236 241 18 18 1 238 244 12 9 252 239 243 0 253 248 245 248 244 247 251 254 0
4 12 10 19 14 15 25 7 12 5 7 18 255 255 248 249 1 252 246 234 234 244 252 238 224 227 240
4 13 31 22 252 225 226 20 10 250 241 249 3 254 253 2 10 247 246 249 1 6 246 244 245 250 251
4 14 250 11 16 19 22 13 22 18 15 16 18 18 13 11 12 8 8 8 8 9 250 253 4 7 5
4 15 20 13 7 4 3 14 8 3 0 2 9 2 254 254 1 4 254 250 253 0 255 250 250 254 1
4 16 6 6 5 4 3 4 6 6 4 3 4 6 4 4 2 3 3 3 2 0 3 2 1 255 254
4 17 3 3 2 1 1 2 1 0 0 0 0 254 253 253 255 254 252 251 251 254 253 251 250 251 255
4 18 2 3 2 3 5 1 2 1 0 2 2 1 255 254 253 1 1 255 252 253 2 2 255 254 255
4 19 5 4 1 253 253 2 2 0 254 254 254 0 0 0 1 254 2 3 2 1 2 5 5 3 1
4 20 255 0 254 255 1 2 2 255 254 1 2 1 255 254 1 1 1 2 0 254 0 1 3 1 250
4 21 5 7 6 3 1 5 6 4 1 254 2 1 255 253 251 251 251 251 252 254 246 247 250 253 3
4 22 0 255 254 253 253 253 254 254 254 255 253 254 0 1 2 1 3 3 3 3 6 8 7 4 2
4 23 252 252 253 252 254 255 255 0 0 2 3 2 2 2 3 2 2 2 2 2 1 1 0 1 1
4 24 1 4 7 9 11 3 5 7 9 12 2 4 6 10 12 2 2 4 6 9 3 3 2 1 5
4 25 14 17 17 12 3 14 16 16 15 9 13 17 19 19 15 11 15 19 22 21 8 13 17 22 22
4 26 249 242 241 239 236 255 247 245 242 237 7 253 246 244 244 12 2 249 246 248 15 6 253 248 247
4 27 244 10 27 27 18 239 250 9 23 25 241 234 238 3 19 244 233 230 240 1 246 243 236 229 237
4 28 7 251 245 251 11 13 251 238 237 251 15 0 239 230 234 14 13 255 237 229 4 19 16 253 234
4 29 24 21 10 255 250 12 20 19 8 254 250 14 23 15 2 237 4 21 17 5 230 249 13 15 9
4 30 250 253 4 13 25 250 253 5 16 26 250 253 6 15 21 255 0 8 15 15 4 6 11 15 11
4 31 38 48 47 32 9 34 35 25 2 232 20 13 255 233 216 9 3 248 234 223 5 3 0 247 239
4 32 238 219 213 216 227 213 207 214 227 239 211 218 228 238 245 221 227 236 245 249 232 233 239 247 251
4 33 237 243 247 250 252 247 249 250 253 254 249 251 252 255 0 251 252 253 255 0 252 253 253 254 255
4 34 252 253 255 2 5 254 253 255 2 4 0 255 255 2 3 1 2 2 2 2 2 4 4 4 2
5 0 13 7 253 253 1 8 8 6 4 1 4 9 14 8 255 2 11 19 9 251 5 10 14 4 248
5 1 255 252 249 248 245 255 253 251 247 242 252 252 250 246 243 247 250 249 247 248 246 249 250 250 251
5 2 245 253 7 11 10 242 250 4 9 7 244 248 255 7 10 248 247 250 7 15 251 247 247 6 19
5 3 5 0 0 2 1 1 255 0 4 9 4 253 253 5 15 10 254 252 3 17 16 3 251 254 13
5 4 254 251 248 248 253 10 3 252 248 251 18 9 250 245 249 23 12 249 241 246 24 14 252 240 241
5 5 4 6 251 243 255 4 7 250 238 252 4 9 250 235 246 4 10 252 233 236 1 13 1 234 230
5 6 20 28 23 10 251 23 37 34 15 250 16 38 44 29 3 2 30 48 42 19 243 13 37 45 36
5 7 240 238 243 252 255 237 235 243 252 0 239 230 235 245 250 248 232 230 239 246 14 249 243 247 252
5 8 255 254 254 255 255 255 254 0 0 0 252 255 1 1 1 251 255 0 0 255 253 254 254 254 254
5 9 1 2 254 250 247 2 4 2 254 250 2 3 1 253 248 254 255 252 248 242 252 250 248 242 232
5 10 245 241 234 230 232 247 242 236 231 234 244 236 230 232 244 234 229 228 241 5 223 227 244 9 24
5 11 242 0 9 10 4 251 17 23 14 0 9 27 22 0 241 22 24 5 236 229 22 5 238 224 238
5 12 248 230 219 228 248 241 228 224 239 5 235 235 240 254 14 241 251 1 8 15 8 18 10 4 6
5 13 0 250 250 255 0 10 4 5 12 13 15 7 11 20 21 13 9 13 22 20 10 13 17 19 14
5 14 252 254 3 5 2 7 3 4 3 0 11 5 5 4 1 10 4 4 5 3 7 3 4 5 6
5 15 254 252 255 2 5 255 2 5 7 7 2 6 8 9 7 4 7 9 8 7 8 10 10 8 5
5 16 4 2 0 254 254 5 3 255 254 253 6 2 255 252 251 5 1 253 249 248 2 255 251 248 247
5 17 253 252 252 254 2 253 252 254 1 3 251 253 255 0 2 251 253 254 253 254 251 253 254 253 254
5 18 3 2 1 1 4 3 3 4 5 7 3 4 6 8 7 1 6 8 8 5 3 8 12 10 4
5 19 5 4 4 3 2 6 2 255 255 1 3 251 248 249 253 255 246 242 245 248 252 244 242 245 249
5 20 2 2 0 251 246 2 0 251 245 246 255 254 250 249 252 251 252 253 0 4 254 255 2 3 6
5 21 245 250 254 2 5 249 1 6 6 5 1 6 8 7 5 7 9 8 5 4 7 7 6 3 2
5 22 8 8 6 4 1 6 6 5 2 1 5 5 4 3 1 5 6 5 4 2 3 4 4 4 3
5 23 1 1 1 2 1 1 1 2 2 2 1 1 0 1 1 0 255 255 254 255 1 0 254 254 255
5 24 2 2 0 0 2 1 1 0 0 2 0 1 1 1 1 1 1 2 1 1 0 1 2 2 3
5 25 7 12 15 19 18 6 11 14 14 13 4 8 11 11 11 3 6 8 9 10 3 5 8 10 11
5 26 14 7 255 250 249 11 7 0 252 251 11 8 2 253 252 11 9 3 253 251 12 8 2 252 249
5 27 250 250 243 231 228 253 253 248 238 230 252 251 249 243 234 249 250 249 245 239 248 251 249 244 239
5 28 243 6 18 11 246 228 241 10 19 0 226 233 1 16 7 232 235 249 7 8 236 238 242 251 6
5 29 232 241 2 10 12 238 239 250 7 12 246 239 245 4 15 254 241 240 2 16 4 243 236 254 16
5 30 9 8 13 16 14 10 7 12 18 20 10 5 9 18 25 10 3 7 18 27 14 8 10 20 30
5 31 11 10 6 252 242 19 16 7 248 237 25 19 6 245 234 27 17 1 241 234 29 12 247 236 235
5 32 236 237 242 248 251 236 241 246 249 250 237 244 249 251 253 238 246 252 254 0 240 249 253 255 1
5 33 252 253 254 255 0 251 254 255 255 0 254 255 0 0 0 0 0 0 0 0 1 1 0 0 255
5 34 3 4 5 5 2 2 4 6 5 3 1 2 4 4 3 255 0 1 3 3 0 1 2 2 4
6 0 9 9 5 253 247 16 9 253 247 247 22 10 247 242 248 22 9 244 242 248 17 6 245 242 248
6 1 247 250 252 253 253 250 252 253 253 254 252 253 254 254 254 253 254 0 255 0 254 1 3 3 4
6 2 252 247 247 3 17 253 249 247 254 8 254 252 249 248 253 0 254 251 248 247 3 1 253 249 246
6 3 19 10 254 250 6 16 17 5 252 1 8 17 13 3 0 255 9 14 11 4 249 255 8 14 10
6 4 20 16 0 241 238 11 14 6 247 238 3 9 9 252 244 0 2 5 255 251 3 254 253 253 255
6 5 255 16 5 237 226 255 18 8 241 229 2 18 9 244 235 5 15 4 242 237 9 13 1 241 240
6 6 232 248 16 38 48 230 236 252 27 52 235 231 239 17 49 239 233 235 15 50 244 235 234 13 50
6 7 35 13 3 7 7 43 18 8 14 19 40 9 255 9 20 38 0 241 249 3 38 254 231 232 239
6 8 4 0 251 251 251 16 7 251 248 249 20 10 252 246 245 8 2 250 245 242 244 247 246 243 237
6 9 250 247 242 235 224 248 243 233 225 223 244 236 225 219 234 235 225 220 229 4 226 216 226 253 32
6 10 220 240 16 36 32 236 11 42 45 20 9 39 52 32 252 39 49 32 3 236 53 36 254 232 235
6 11 10 237 223 230 4 245 225 230 0 26 230 231 255 27 38 237 0 22 35 32 2 26 34 26 16
6 12 35 34 10 248 248 41 31 6 240 234 32 17 1 238 227 18 10 2 242 227 9 7 5 248 231
6 13 3 18 21 15 9 249 17 25 16 7 239 10 22 17 7 234 1 13 10 2 234 251 4 1 251
6 14 5 4 5 7 10 3 3 7 10 12 0 2 9 12 11 251 255 9 11 5 249 255 9 9 0
6 15 11 12 10 7 3 12 11 8 3 254 9 9 5 253 250 3 5 2 253 249 254 2 1 252 252
6 16 0 252 249 247 248 252 250 249 248 249 250 250 250 251 249 250 252 253 252 250 254 0 0 254 253
6 17 250 253 254 255 1 250 252 255 3 9 249 252 1 10 16 251 255 8 16 18 254 4 13 19 13
6 18 7 11 14 10 1 15 16 11 2 250 19 14 3 248 244 11 1 249 245 246 253 243 242 247 252
6 19 249 245 246 250 254 247 248 251 253 0 246 252 0 0 0 250 255 2 2 0 255 0 1 3 3
6 20 2 4 5 3 4 2 5 4 2 2 1 2 3 3 2 0 2 2 3 3 2 3 3 4 4
6 21 4 5 4 1 0 2 4 3 0 255 3 4 3 1 255 4 4 3 1 0 4 4 4 2 1
6 22 1 2 3 3 3 1 2 3 3 2 1 3 4 3 2 2 4 4 3 2 2 4 4 4 1
6 23 2 1 0 255 0 2 1 1 0 1 1 0 0 0 1 0 255 255 0 0 0 255 255 255 255
6 24 0 1 1 2 3 1 2 3 4 4 1 2 5 6 5 1 3 5 5 6 1 3 4 4 5
6 25 4 6 9 11 13 6 7 9 13 14 6 8 10 12 14 6 8 11 13 14 6 9 10 13 13
6 26 12 8 2 252 247 13 10 4 254 248 15 13 8 1 250 15 15 12 5 251 15 15 13 6 253
6 27 248 252 251 243 236 248 253 253 244 237 248 253 254 246 239 248 253 255 250 242 249 253 1 253 247
6 28 238 239 238 244 4 238 240 238 243 3 237 238 239 246 1 238 237 239 247 254 239 236 239 244 248
6 29 7 245 233 250 14 7 246 234 247 11 5 248 240 245 4 0 252 245 243 251 251 254 249 239 242
6 30 19 16 18 24 35 22 25 25 29 36 21 30 31 32 36 15 33 38 38 39 8 31 39 42 43
6 31 31 7 237 230 235 30 2 232 226 233 29 0 229 224 233 29 254 228 224 233 31 255 228 226 236
6 32 243 250 253 254 255 244 250 252 252 253 243 249 251 251 253 243 250 252 253 0 246 251 254 255 4
6 33 255 0 255 0 0 254 254 254 255 255 254 255 254 255 0 2 2 0 0 1 7 5 3 2 3
6 34 1 3 3 3 3 0 1 3 3 3 0 0 1 2 1 1 0 0 1 0 2 1 1 0 0
7 0 12 4 246 242 248 7 0 246 243 249 2 252 243 246 0 254 248 241 249 6 252 249 247 254 6
7 1 0 6 6 5 5 3 11 10 5 5 10 14 9 3 2 13 12 6 0 1 7 3 2 1 2
7 2 4 1 253 250 250 4 0 251 251 254 3 255 250 253 1 1 254 251 255 4 0 253 252 1 6
7 3 249 252 1 7 8 254 253 251 251 0 3 0 249 246 252 4 255 248 247 252 3 253 251 251 1
7 4 4 255 249 248 254 5 1 248 244 249 4 2 250 244 246 3 1 250 245 245 5 254 245 245 250
7 5 10 17 8 251 249 7 21 20 13 10 1 17 26 29 26 253 10 24 35 36 3 13 20 24 26
7 6 249 234 227 3 40 1 235 220 243 24 14 244 223 234 7 24 1 236 235 255 22 10 252 249 5
7 7 36 3 235 228 231 33 16 248 231 231 27 27 6 235 229 27 40 18 238 224 36 56 31 242 220
7 8 238 243 243 237 228 239 243 240 229 220 237 238 231 222 223 228 227 221 222 239 220 217 217 236 11
7 9 219 223 249 28 46 224 243 22 49 40 244 21 43 43 17 16 46 45 19 247 38 44 23 249 237
7 10 37 6 232 230 252 7 235 229 247 15 240 232 248 12 24 234 248 16 25 19 247 10 27 24 11
7 11 20 31 27 14 5 26 23 12 3 1 22 14 6 2 1 13 10 7 4 2 6 9 11 8 5
7 12 5 7 6 249 234 3 6 5 248 235 3 6 4 248 236 2 6 5 250 237 4 7 9 254 241
7 13 238 253 4 253 247 242 5 9 254 248 244 7 12 3 253 242 3 10 5 2 241 254 3 1 1
7 14 249 0 10 9 2 252 4 11 12 8 1 6 11 13 13 4 7 12 14 14 5 11 16 18 14
7 15 254 0 0 252 253 3 0 254 252 253 7 255 252 253 0 7 254 252 255 2 7 253 251 0 4
7 16 1 2 2 2 3 1 4 5 6 9 3 4 6 8 8 4 4 6 6 3 3 3 3 0 251
7 17 6 9 11 8 255 10 9 4 250 243 7 1 250 243 242 254 247 244 244 248 247 245 246 249 253
7 18 244 241 245 251 255 243 248 253 0 0 248 254 2 2 0 253 0 2 1 0 255 2 2 1 255
7 19 0 0 1 2 3 0 255 1 2 3 255 254 1 3 5 255 254 1 5 7 254 255 2 4 6
7 20 3 3 3 3 3 5 3 2 1 1 6 3 1 255 1 7 5 1 0 0 6 4 2 1 2
7 21 3 3 3 1 1 2 3 2 1 1 2 3 3 2 1 2 2 3 4 2 1 1 2 3 3
7 22 2 3 3 2 1 1 2 2 1 0 1 0 1 2 0 255 255 1 2 2 0 0 2 3 3
7 23 255 255 255 0 1 255 0 1 2 3 255 255 0 2 3 255 255 0 1 3 1 255 255 0 3
7 24 2 3 3 3 4 4 3 1 1 1 3 3 2 0 1 3 3 3 2 2 3 3 2 2 1
7 25 5 6 10 12 14 2 4 8 11 13 2 4 7 8 10 3 6 6 6 7 2 5 5 6 8
7 26 14 15 13 8 0 14 14 14 10 3 12 14 15 12 5 11 14 16 13 6 11 15 16 12 7
7 27 252 253 1 254 249 254 254 255 253 250 0 253 252 251 249 255 250 249 249 250 0 249 247 249 251
7 28 242 239 241 244 245 245 243 243 244 243 247 244 243 242 241 247 244 240 240 240 248 243 240 238 241
7 29 247 253 251 237 234 244 251 249 236 232 244 249 248 239 234 243 248 248 243 239 243 246 246 245 244
7 30 255 23 36 41 46 248 14 30 41 46 244 8 27 42 47 243 3 27 46 49 243 0 29 51 50
7 31 35 5 233 228 236 39 11 240 231 235 38 14 244 231 233 37 14 246 233 232 33 11 248 236 235
7 32 247 253 253 253 1 246 254 252 250 253 244 254 254 251 252 242 253 0 255 255 241 250 254 255 1
7 33 5 5 2 3 3 1 1 1 2 3 254 255 0 1 2 0 255 0 0 1 2 1 1 0 255
7 34 2 2 0 1 1 2 1 1 2 1 2 2 2 1 2 2 2 2 2 3 2 3 3 3 3
8 0 0 0 255 1 1 12 8 1 254 251 24 15 254 245 244 26 16 251 238 239 18 10 251 238 240
8 1 252 250 254 4 3 248 250 1 8 3 251 4 9 9 1 254 14 16 7 254 5 23 18 2 251
8 2 255 252 254 3 5 252 252 1 4 3 250 253 4 4 255 250 255 3 2 253 251 0 2 0 251
8 3 1 252 253 2 8 254 250 255 8 10 251 250 3 12 11 250 252 5 14 11 250 254 6 12 11
8 4 6 250 239 243 0 4 247 238 244 2 2 247 243 246 0 3 252 249 248 250 6 2 253 248 243
8 5 13 19 14 6 8 16 19 9 254 254 9 12 6 254 255 253 0 1 0 2 242 245 250 2 8
8 6 12 11 5 1 11 4 4 252 245 253 1 250 235 223 229 1 247 230 216 219 8 251 234 221 222
8 7 44 68 40 243 215 35 65 41 242 208 13 49 34 242 208 251 28 25 252 229 240 6 13 8 5
8 8 211 213 225 3 38 203 222 251 27 45 206 240 26 42 31 231 8 43 38 8 10 28 39 19 243
8 9 44 22 251 234 242 30 254 236 238 0 6 240 239 254 12 242 239 252 13 18 234 250 12 22 16
8 10 9 23 23 14 4 19 23 14 4 0 19 15 6 1 1 12 4 0 1 3 3 253 254 2 3
8 11 4 11 13 10 7 4 11 13 11 9 6 11 11 11 10 7 10 9 8 9 7 10 9 6 7
8 12 6 9 10 1 243 9 10 7 253 239 10 10 4 246 232 12 12 6 246 227 11 14 11 250 228
8 13 241 248 252 252 254 237 246 251 252 1 231 242 252 1 8 223 235 250 9 19 220 230 249 15 25
8 14 6 16 23 21 14 10 20 24 20 10 15 20 21 14 5 22 20 13 6 255 23 15 6 255 251
8 15 3 252 252 0 3 0 251 252 0 3 253 250 251 255 1 250 248 249 253 255 248 246 248 251 252
8 16 3 1 254 250 246 2 255 252 248 248 1 255 252 251 254 254 253 252 253 1 251 251 253 255 0
8 17 245 248 252 254 255 250 252 254 0 2 254 255 0 1 4 1 0 0 3 4 1 1 1 3 4
8 18 255 1 3 1 254 3 3 3 2 255 5 5 3 1 0 5 3 2 2 1 3 1 1 2 1
8 19 253 0 2 4 4 254 255 2 2 2 255 0 0 1 2 0 0 0 0 1 1 255 255 0 0
8 20 5 5 4 3 3 4 5 5 4 3 3 4 5 3 2 2 3 4 3 2 1 3 4 4 2
8 21 1 1 1 1 2 1 1 1 0 1 1 2 2 1 0 1 2 3 2 1 1 2 2 4 4
8 22 2 2 3 3 2 2 3 4 4 2 1 3 4 4 3 0 2 4 4 2 2 1 3 3 2
8 23 2 0 255 0 2 2 1 0 1 3 1 1 1 3 2 1 1 2 2 2 1 1 1 0 1
8 24 3 2 2 2 1 2 2 2 2 1 2 1 1 2 1 2 2 3 2 1 3 3 3 2 1
8 25 1 3 5 7 9 1 2 5 8 10 1 3 6 7 10 2 4 6 8 9 2 4 5 6 8
8 26 13 15 15 14 7 13 15 16 14 8 12 15 16 14 8 12 15 17 15 10 11 14 18 17 12
8 27 0 249 247 250 254 1 251 249 252 255 2 253 252 254 254 3 254 253 252 254 5 255 253 251 254
8 28 249 244 239 239 242 251 245 241 240 244 252 248 243 241 245 254 251 246 243 246 1 255 249 245 247
8 29 243 244 244 247 245 245 243 243 247 245 247 243 242 245 243 247 243 240 244 243 248 243 240 243 244
8 30 242 252 29 54 51 238 247 25 54 53 235 240 18 48 53 236 241 10 40 53 241 244 5 30 52
8 31 31 10 250 241 238 35 15 255 244 239 40 21 2 244 236 48 25 255 240 234 54 27 252 235 233
8 32 241 246 249 251 0 238 241 247 252 0 235 240 246 253 1 236 242 247 251 255 239 246 247 248 252
8 33 3 4 2 0 255 3 3 2 0 0 2 2 2 2 2 1 2 1 2 2 1 2 1 1 3
8 34 2 3 4 3 3 0 1 1 2 1 0 255 255 255 255 2 0 255 254 254 4 4 2 255 0
9 0 254 252 251 252 3 236 242 255 14 25 235 247 14 27 28 250 8 28 29 18 13 21 29 21 8
9 1 15 22 12 252 247 25 16 2 248 245 20 7 253 245 244 9 1 250 245 246 1 253 249 247 248
9 2 250 0 2 254 248 249 1 4 252 246 250 2 5 250 243 251 3 4 249 243 253 4 4 250 244
9 3 251 3 9 10 6 252 8 11 8 255 255 14 15 3 248 2 21 17 255 241 6 25 17 250 235
9 4 2 2 2 252 243 251 1 6 2 248 245 2 15 13 255 242 5 25 21 2 239 9 32 22 253
9 5 238 240 248 6 21 240 241 251 13 33 243 241 255 21 31 242 241 5 25 19 240 246 10 22 10
9 6 25 6 235 223 225 38 13 235 223 226 25 4 237 227 224 255 244 239 231 221 244 239 241 228 217
9 7 229 237 250 10 24 222 219 235 7 30 218 218 240 13 24 222 236 6 24 11 235 10 29 23 248
9 8 34 32 19 252 234 36 18 248 236 243 13 246 230 239 6 236 221 230 255 24 218 222 252 19 27
9 9 243 10 21 17 7 6 23 21 8 255 20 21 12 1 253 25 10 1 0 0 18 3 255 3 6
9 10 254 250 251 255 0 253 252 250 250 252 254 252 249 247 248 0 253 249 246 248 3 253 248 246 248
9 11 4 9 9 6 5 1 7 9 7 5 254 6 9 9 5 253 6 10 10 5 253 6 9 8 5
9 12 8 14 14 0 236 5 10 14 6 247 2 6 11 8 255 1 4 9 8 4 3 4 7 8 8
9 13 226 233 252 17 24 239 242 1 17 19 250 253 7 19 21 3 9 17 23 23 15 25 29 23 15
9 14 18 9 3 254 250 11 4 4 2 253 13 7 6 3 0 17 11 6 4 4 6 1 1 3 7
9 15 248 248 249 251 254 251 251 254 0 2 0 2 5 6 6 7 10 13 12 12 11 14 16 17 15
9 16 254 253 254 255 255 2 2 0 255 0 6 4 2 1 1 10 8 4 4 4 14 12 10 8 8
9 17 0 0 1 3 3 255 0 1 2 3 1 255 0 3 4 3 1 1 5 6 6 5 4 6 6
9 18 2 0 0 1 1 3 0 0 255 0 4 2 0 0 0 4 2 0 1 2 6 3 2 2 3
9 19 2 0 0 255 255 1 1 1 255 255 2 2 1 254 253 2 2 1 253 253 2 1 0 254 255
9 20 0 2 3 4 3 0 1 2 2 4 0 2 2 2 3 0 1 1 1 2 0 1 1 1 1
9 21 2 2 3 3 3 4 4 3 2 2 4 4 3 1 1 4 4 3 2 1 2 3 4 4 2
9 22 2 0 0 1 1 2 0 254 255 0 0 0 254 255 1 0 255 255 1 2 1 255 0 0 2
9 23 0 1 1 1 1 1 1 1 2 1 2 1 1 1 2 2 1 1 1 1 2 1 1 2 2
9 24 2 2 2 2 2 1 1 1 1 1 1 0 1 2 2 0 255 1 3 3 1 0 1 2 3
9 25 2 3 4 6 7 1 1 3 5 7 1 2 3 6 7 2 3 4 7 8 3 4 6 8 9
9 26 9 12 17 18 15 8 11 14 18 18 8 11 15 20 21 9 11 17 22 23 10 12 18 25 27
9 27 9 3 253 252 254 14 5 255 252 254 17 8 0 252 255 20 10 1 254 0 23 14 6 1 0
9 28 3 1 252 246 246 3 4 253 246 245 5 6 254 246 244 5 6 254 246 244 2 1 252 247 245
9 29 247 243 241 243 243 246 244 243 242 242 245 244 244 243 242 245 246 245 244 243 245 246 247 245 243
9 30 243 246 3 25 52 243 247 1 22 50 243 245 253 16 47 242 242 245 8 43 241 239 239 2 40
9 31 58 32 253 235 232 60 37 4 239 232 61 43 10 242 232 62 47 14 244 231 64 50 18 246 234
9 32 240 246 246 245 250 237 244 245 246 250 234 242 246 249 254 233 242 248 252 3 237 245 249 253 4
9 33 0 1 0 1 1 255 0 0 0 0 2 2 0 0 255 7 4 1 255 0 9 6 0 255 255
9 34 3 2 2 2 2 255 0 2 5 4 254 254 1 4 4 0 255 0 2 3 255 0 1 2 1
10 0 24 22 17 10 2 13 9 3 255 252 247 248 251 250 248 241 244 251 252 250 249 252 255 1 0
10 1 254 250 249 248 250 249 248 248 249 251 246 246 249 252 254 246 246 251 0 1 251 248 253 3 4
10 2 254 3 3 252 248 254 2 3 254 251 0 1 1 0 254 1 0 0 0 3 1 255 254 255 5
10 3 8 23 12 243 230 5 13 1 239 232 3 4 249 237 236 9 9 254 241 240 17 23 12 251 244
10 4 238 11 34 17 243 244 16 33 13 241 250 18 32 12 244 251 15 26 11 248 250 9 18 9 251
10 5 239 254 12 15 4 243 6 15 9 1 249 12 14 4 250 252 10 9 251 237 253 4 254 238 223
10 6 246 241 237 225 222 246 234 226 226 245 238 222 216 239 20 226 217 224 4 40 215 224 247 26 43
10 7 255 39 40 9 232 23 48 27 242 225 40 34 255 223 232 37 4 232 226 250 16 231 223 245 15
10 8 220 245 24 32 17 240 14 36 30 7 9 31 30 16 1 26 33 17 3 255 29 22 5 254 1
10 9 5 1 4 9 9 253 2 9 13 10 254 5 14 16 9 1 9 17 19 10 7 13 19 20 9
10 10 5 254 248 246 248 3 250 245 242 246 255 245 240 240 244 251 241 237 240 246 248 238 238 243 252
10 11 255 6 9 8 6 254 7 11 10 9 254 8 14 13 12 0 11 14 13 15 5 12 13 14 19
10 12 6 8 9 10 12 9 11 15 19 24 13 16 22 29 28 20 26 27 23 10 28 32 24 6 240
10 13 24 34 30 12 250 24 17 0 235 222 12 241 217 203 202 245 221 207 207 215 224 221 227 238 246
10 14 240 240 248 0 6 220 227 238 247 253 211 222 232 238 241 224 230 232 233 233 249 247 242 237 236
10 15 10 13 16 17 18 2 6 10 13 15 245 250 255 1 4 235 239 238 238 240 236 233 228 222 222
10 16 17 16 15 14 13 16 18 18 18 18 9 12 15 18 21 247 252 1 6 13 227 233 237 244 252
10 17 11 10 8 8 7 18 15 14 12 10 22 21 18 17 15 18 20 22 23 22 3 11 17 22 26
10 18 6 5 4 5 4 8 7 6 6 4 12 10 9 8 4 20 17 14 10 5 25 22 17 12 7
10 19 2 0 0 1 2 1 255 255 0 1 1 0 0 0 0 3 3 2 2 0 5 6 6 4 0
10 20 1 1 0 0 1 0 0 0 0 0 254 255 0 0 0 254 253 0 1 0 253 252 254 255 0
10 21 1 3 3 4 4 1 3 4 4 4 1 3 5 4 3 1 3 5 5 3 2 3 5 4 4
10 22 2 1 0 0 0 3 1 0 255 255 3 2 254 254 255 3 0 254 253 254 2 0 253 252 254
10 23 0 0 1 3 4 255 0 1 2 3 0 0 0 0 2 255 0 0 0 3 255 0 0 2 4
10 24 2 1 2 2 2 3 3 1 1 2 3 3 2 2 4 5 6 5 6 9 7 9 9 11 15
10 25 4 5 7 10 11 4 6 8 10 13 6 8 11 14 18 12 16 20 25 28 21 27 31 33 32
10 26 11 13 21 27 30 14 17 23 28 30 22 25 27 28 28 30 29 27 24 20 29 25 19 13 7
10 27 28 21 12 4 254 29 23 14 3 250 26 20 10 253 243 16 10 1 245 237 1 253 247 239 233
10 28 251 249 249 248 247 245 244 246 249 249 239 241 245 248 249 235 238 243 247 248 234 238 243 246 247
10 29 247 248 248 246 243 249 249 248 245 243 249 249 247 244 244 248 249 247 243 244 248 248 247 243 246
10 30 241 237 235 253 38 244 240 234 249 36 248 246 234 244 31 252 249 233 237 24 252 250 229 231 17
10 31 66 53 20 249 236 67 57 25 253 237 66 60 30 0 237 64 62 36 7 240 58 61 41 15 247
10 32 240 249 250 251 2 238 245 249 252 0 231 237 247 255 1 229 230 242 254 2 230 226 236 251 4
10 33 8 6 1 254 253 3 2 255 254 254 255 255 254 255 0 1 254 252 253 254 5 2 253 251 253
10 34 255 1 3 3 2 255 2 5 7 4 0 3 9 10 5 0 3 8 9 4 0 3 5 4 255
11 0 2 1 1 5 6 7 3 0 7 12 3 0 1 11 17 252 252 1 14 25 245 245 252 14 30
11 1 255 247 252 3 4 2 249 251 1 255 10 254 251 253 251 20 7 254 248 247 29 16 255 244 243
11 2 255 252 251 250 255 251 251 249 244 245 249 249 249 245 243 248 250 250 249 247 248 250 252 253 252
11 3 15 28 21 7 252 4 20 23 17 11 250 6 16 23 29 245 250 3 20 39 247 245 250 7 25
11 4 253 3 9 7 0 7 2 0 3 7 27 9 249 254 9 42 19 247 250 6 35 21 1 252 253
11 5 0 255 246 230 215 3 250 238 224 217 5 244 225 216 225 255 234 214 212 238 242 224 214 224 2
11 6 215 242 20 37 26 228 9 43 33 255 249 30 49 22 236 17 40 36 6 234 34 33 10 249 248
11 7 248 222 235 12 25 232 234 3 27 24 233 2 22 27 14 247 22 29 16 2 12 29 23 4 251
11 8 19 7 0 255 4 4 253 1 5 8 253 249 2 7 10 252 253 2 8 13 254 1 4 9 15
11 9 11 17 20 15 2 14 21 17 7 249 16 20 12 252 239 18 16 5 244 235 16 11 254 241 236
11 10 243 237 241 249 3 238 238 246 0 8 235 240 251 5 14 236 246 3 14 23 241 253 13 30 42
11 11 8 13 18 24 28 13 17 27 36 33 24 33 36 32 17 38 46 36 13 247 45 36 14 248 236
11 12 27 19 4 244 232 16 253 238 236 244 253 239 236 243 2 236 239 249 4 12 239 249 4 11 14
11 13 231 242 254 9 14 1 13 21 23 24 16 26 29 27 23 18 25 28 26 18 16 20 25 26 13
11 14 15 10 4 255 251 24 25 26 23 17 22 26 35 38 35 10 14 29 42 45 251 252 15 38 51
11 15 247 242 233 223 219 11 5 252 242 233 29 22 16 8 0 39 31 27 26 21 45 29 24 28 27
11 16 221 223 225 228 232 228 225 223 221 219 247 239 234 229 224 11 1 251 246 241 18 11 10 8 1
11 17 239 246 254 7 14 220 223 229 239 250 220 217 217 220 228 234 227 220 216 216 249 242 234 227 223
11 18 20 23 21 16 10 5 14 18 18 14 239 252 6 14 15 222 234 247 4 13 222 228 239 252 7
11 19 8 8 7 4 1 10 8 6 3 0 13 8 5 2 0 14 9 4 2 1 11 8 4 2 2
11 20 254 254 254 0 2 0 0 255 0 2 1 1 0 0 1 1 1 255 0 0 0 0 254 254 0
11 21 2 4 4 5 4 3 4 4 5 4 2 3 4 3 3 1 2 2 1 2 1 2 2 2 3
11 22 3 0 254 253 255 2 0 254 253 255 2 0 254 253 0 2 1 254 254 1 4 3 255 254 0
11 23 0 0 1 3 6 2 3 3 4 6 3 5 5 5 8 4 6 7 6 10 4 7 8 8 10
11 24 8 12 14 18 23 11 14 18 21 25 14 18 18 15 11 16 19 13 1 245 15 13 2 246 235
11 25 28 30 29 25 18 24 19 12 2 248 2 249 240 234 230 232 222 219 224 229 228 225 230 241 249
11 26 10 2 250 244 242 239 230 224 223 226 226 224 223 226 235 234 238 243 249 2 253 255 3 11 19
11 27 241 241 240 236 236 233 239 243 243 247 246 0 5 6 8 13 24 28 25 24 28 35 34 27 23
11 28 241 246 247 247 247 0 4 255 249 247 15 17 7 253 250 26 23 12 1 252 23 20 10 2 1
11 29 248 249 248 246 246 249 250 248 247 247 249 250 249 246 246 252 252 249 244 243 2 254 249 244 243
11 30 252 246 226 227 13 250 243 224 226 11 248 241 224 229 12 246 242 227 231 11 248 243 228 230 8
11 31 54 61 45 22 253 53 61 47 25 2 51 58 45 26 5 47 54 43 25 6 43 52 42 25 6
11 32 234 226 233 246 1 238 229 232 243 253 242 231 232 241 251 245 233 232 240 250 247 237 232 237 247
11 33 6 5 1 255 255 5 7 6 4 2 4 7 7 5 3 3 5 3 1 1 1 3 1 255 0
11 34 1 3 3 1 252 3 4 3 0 251 4 4 5 2 253 3 6 7 5 254 2 6 7 4 254
12 0 243 241 245 10 30 243 240 243 3 24 246 244 246 252 11 247 248 247 246 253 250 249 247 242 243
12 1 35 22 1 240 239 36 32 8 239 235 32 40 20 248 236 19 37 34 16 252 2 25 42 43 22
12 2 247 251 252 255 255 243 249 253 0 1 238 245 251 255 1 238 238 243 249 253 252 239 237 242 247
12 3 252 247 246 248 0 0 252 248 245 243 0 255 254 251 246 0 1 2 0 250 254 2 3 1 251
12 4 10 15 13 1 240 247 3 11 1 236 244 248 253 249 236 244 244 242 237 228 247 244 239 224 217
12 5 224 217 225 247 21 216 212 239 18 32 217 218 255 38 30 225 238 17 41 17 236 11 32 30 1
12 6 36 12 238 243 13 20 249 231 252 27 252 236 245 12 29 236 239 11 26 23 234 252 28 29 10
12 7 26 22 8 252 250 30 10 253 249 253 22 1 247 251 1 10 254 250 254 3 0 0 255 255 3
12 8 0 5 7 12 16 3 7 10 14 15 6 10 14 14 13 8 12 13 12 10 8 11 12 10 7
12 9 13 5 250 243 242 10 2 250 247 250 9 2 253 252 5 6 3 0 6 23 4 3 8 19 40
12 10 249 7 25 45 54 5 26 45 50 37 22 43 55 35 255 42 47 33 3 228 52 31 247 223 220
12 11 38 6 239 233 241 10 238 227 235 249 231 227 235 246 253 220 231 243 251 250 229 240 247 246 243
12 12 253 5 6 8 10 4 7 3 1 1 255 0 255 250 245 246 246 248 245 240 240 240 243 243 241
12 13 12 14 21 24 6 1 3 8 10 252 243 246 248 248 240 238 240 240 239 235 241 241 240 239 238
12 14 237 233 253 27 48 230 225 241 10 28 229 225 233 245 254 231 229 230 231 230 236 233 230 226 223
12 15 41 17 9 16 17 21 254 244 251 0 247 232 226 230 237 226 219 218 221 226 220 220 219 221 223
12 16 12 13 21 21 11 0 10 26 27 15 243 2 21 25 16 233 244 1 10 16 227 229 232 245 11
12 17 3 0 252 247 240 7 9 9 4 253 13 17 17 9 3 22 28 24 13 6 28 34 29 17 10
12 18 235 235 239 247 1 248 245 244 247 252 0 254 249 249 252 5 2 253 252 253 7 4 255 254 0
12 19 6 6 3 2 1 1 1 3 2 2 254 255 2 4 3 254 255 1 3 3 0 0 255 0 1
12 20 0 254 253 253 255 0 253 250 251 254 255 251 249 250 253 0 252 250 251 253 255 253 252 253 255
12 21 3 3 4 5 5 2 4 6 6 6 1 5 7 5 4 2 6 7 5 3 2 5 6 5 4
12 22 6 5 1 0 2 6 4 2 2 4 4 5 4 4 7 4 6 7 9 12 5 8 12 16 20
12 23 5 8 9 10 10 8 12 14 15 13 13 18 22 21 18 20 28 31 25 15 27 35 34 22 6
12 24 10 5 250 243 243 12 6 255 253 0 14 11 8 8 10 7 1 255 255 255 248 239 235 234 233
12 25 245 249 2 12 17 4 4 8 14 14 6 255 249 249 248 250 242 234 232 231 232 231 230 230 230
12 26 12 6 7 13 22 6 254 253 2 8 243 238 238 241 246 230 230 232 236 239 231 233 236 240 243
12 27 26 26 22 13 9 11 10 5 0 255 250 249 248 250 253 242 243 245 248 252 246 248 248 249 251
12 28 11 11 5 2 5 3 5 5 5 7 1 4 7 8 6 0 5 10 9 3 0 5 9 7 0
12 29 6 0 248 244 245 6 0 247 243 245 2 253 247 242 243 253 251 247 242 241 251 251 250 243 241
12 30 250 245 229 229 5 250 248 232 230 3 250 249 234 231 3 249 250 236 233 2 248 249 235 232 254
12 31 40 52 44 24 5 38 52 45 24 4 36 52 47 24 3 34 51 48 25 4 30 50 50 27 4
12 32 249 242 233 233 242 251 245 235 230 240 253 249 238 231 240 254 253 243 236 241 254 254 248 242 242
12 33 254 1 1 0 1 253 3 3 2 1 254 5 7 5 2 251 5 8 5 2 248 0 6 5 1
12 34 4 6 6 2 253 3 5 4 0 253 3 3 1 255 253 2 4 1 254 253 3 3 1 253 252
13 0 251 251 248 242 239 254 253 251 247 242 254 254 255 252 248 254 0 1 0 252 255 0 2 0 254
13 1 245 5 32 51 45 238 244 11 37 52 240 238 250 14 37 247 244 244 252 10 252 250 247 246 250
13 2 24 6 250 243 243 52 37 15 255 246 49 40 22 10 6 21 17 11 17 24 255 252 253 11 24
13 3 248 254 0 255 253 245 249 253 255 253 1 254 252 253 248 19 8 254 248 243 22 10 0 249 244
13 4 248 244 234 218 217 247 237 226 220 232 240 226 219 231 2 233 218 216 248 30 236 224 228 10 45
13 5 253 36 34 7 246 15 46 23 241 243 29 35 4 229 249 33 11 242 236 6 27 246 240 5 24
13 6 248 14 33 23 1 15 29 25 9 252 31 35 13 255 252 35 28 3 250 254 31 19 1 254 2
13 7 251 1 2 0 2 250 0 0 0 3 252 254 254 0 4 254 252 252 1 8 1 252 253 4 11
13 8 8 11 11 8 4 9 12 11 8 5 11 12 10 7 8 14 13 10 9 16 16 14 11 18 30
13 9 4 8 21 37 42 8 18 36 46 28 19 34 38 27 254 32 42 24 246 223 36 26 253 220 214
13 10 32 255 221 212 226 249 223 217 225 237 224 216 229 240 244 219 229 243 248 245 227 240 245 244 240
13 11 239 245 245 242 240 244 242 240 241 242 243 238 237 240 243 241 237 237 240 246 237 237 237 243 253
13 12 239 240 242 245 246 242 244 246 247 248 246 247 247 248 248 251 250 247 247 248 7 3 247 247 0
13 13 246 245 244 242 240 248 247 246 243 240 246 245 244 243 240 246 240 237 240 242 254 241 233 233 241
13 14 238 234 232 233 236 236 235 237 250 9 238 238 247 15 41 242 242 250 23 61 249 242 237 7 55
13 15 236 232 225 217 217 11 254 235 219 214 46 29 4 237 221 73 58 34 11 242 76 66 51 37 15
13 16 220 221 219 228 248 216 219 218 218 222 213 213 217 215 211 219 209 213 217 219 241 219 214 223 238
13 17 10 24 26 20 14 236 1 16 21 18 218 238 3 18 21 222 230 246 11 19 241 236 242 5 14
13 18 9 5 0 0 1 12 5 2 0 0 12 5 1 1 1 12 3 1 1 2 9 2 255 255 3
13 19 2 0 255 255 255 2 1 255 255 255 1 0 255 255 254 3 2 0 255 0 4 2 1 0 255
13 20 255 255 253 253 0 255 254 252 254 0 255 253 251 252 254 255 253 251 251 251 253 251 252 251 251
13 21 3 5 5 6 6 3 4 6 8 9 1 4 7 10 12 253 2 8 12 15 254 4 10 15 21
13 22 8 11 16 25 32 11 14 22 33 41 15 22 33 40 34 20 30 43 39 14 28 37 41 24 245
13 23 35 28 17 2 243 33 10 242 229 224 13 238 215 210 215 237 212 201 208 220 213 200 203 218 229
13 24 232 227 225 224 223 223 225 229 230 230 222 228 232 236 243 228 230 230 237 254 231 228 226 235 0
13 25 223 226 232 238 241 229 231 240 254 4 246 246 0 20 29 9 9 17 37 48 13 13 18 39 55
13 26 238 235 237 241 245 251 240 236 238 242 16 254 241 235 236 39 18 251 236 232 53 34 8 242 233
13 27 249 253 254 252 251 248 253 0 255 255 242 250 255 1 2 237 245 252 0 3 235 243 250 255 3
13 28 0 4 5 3 254 1 2 2 255 255 3 2 254 252 255 4 3 255 253 255 5 4 1 254 255
13 29 252 253 251 245 242 255 255 252 246 245 2 1 252 246 245 3 2 253 244 243 1 2 254 245 244
13 30 248 248 234 230 252 250 248 234 229 249 251 250 235 227 245 252 252 236 227 243 253 255 238 227 240
13 31 27 52 53 28 2 26 53 56 30 0 23 53 58 30 254 20 52 60 31 253 17 50 60 30 254
13 32 251 251 247 244 243 246 246 243 242 244 243 243 241 240 244 244 246 243 240 245 246 248 246 243 247
13 33 247 0 5 4 0 250 1 6 4 0 251 3 7 4 0 253 5 9 5 1 254 5 8 5 0
13 34 1 3 0 253 253 0 0 255 252 253 0 0 254 253 253 1 2 255 253 253 1 1 255 253 254
14 0 1 1 0 254 252 7 4 254 251 252 14 7 252 251 253 13 6 253 252 255 7 4 254 0 1
14 1 252 254 253 251 251 253 254 0 1 254 253 254 0 3 3 254 252 255 4 4 254 251 255 4 5
14 2 248 244 244 253 7 250 246 244 248 253 255 252 250 251 252 2 0 254 253 252 3 0 253 251 250
14 3 9 4 254 250 246 254 251 249 244 240 250 245 240 235 229 250 245 235 228 227 250 246 235 227 237
14 4 243 240 250 23 41 240 252 13 23 19 234 1 21 11 245 238 7 19 252 226 0 12 8 240 225
14 5 13 235 251 32 38 253 239 9 42 34 241 253 19 31 14 237 11 22 12 254 245 20 17 253 246
14 6 21 6 2 4 5 5 248 251 1 2 245 236 242 249 254 241 239 243 248 0 250 253 254 2 7
14 7 1 254 1 9 15 1 1 7 15 15 2 6 12 16 13 6 12 14 15 18 13 16 15 16 26
14 8 15 14 15 30 42 13 17 28 37 32 12 25 39 30 6 23 31 30 9 235 35 28 5 236 221
14 9 26 250 225 217 224 4 226 217 229 241 234 220 228 247 254 222 226 243 4 6 224 239 254 7 9
14 10 237 241 238 234 234 245 242 236 233 233 250 245 243 242 240 0 253 255 255 250 8 9 12 12 7
14 11 235 236 238 244 6 234 235 237 247 10 235 232 235 246 8 240 230 228 236 254 249 231 221 225 242
14 12 21 13 249 250 8 27 22 3 252 4 24 26 14 255 246 18 28 24 6 241 10 25 28 15 250
14 13 9 249 235 230 240 7 1 247 240 241 247 255 3 252 238 235 241 246 241 226 235 227 223 219 216
14 14 251 235 212 235 34 240 220 201 228 27 220 208 212 247 37 211 216 242 18 43 222 245 21 41 42
14 15 64 57 52 52 41 55 49 44 51 52 54 43 35 41 50 47 36 29 33 41 36 28 27 31 31
14 16 16 241 222 229 253 38 7 231 229 250 48 22 242 226 237 42 24 249 231 232 27 14 254 242 240
14 17 4 248 246 0 7 7 1 251 252 254 251 3 0 248 246 245 2 4 248 245 247 2 4 252 249
14 18 5 0 253 254 1 255 253 251 251 255 252 254 252 250 253 251 255 254 251 251 253 1 255 254 251
14 19 3 2 1 255 254 1 0 255 254 253 254 254 254 253 252 253 254 254 253 253 252 254 0 254 253
14 20 251 249 250 252 253 251 251 251 252 255 252 252 253 254 255 254 253 253 254 0 253 253 253 255 1
14 21 1 7 13 18 28 2 8 13 20 31 2 8 15 23 33 4 10 18 26 34 7 14 23 30 34
14 22 37 39 25 0 225 42 34 7 235 218 39 24 246 223 224 34 14 235 220 235 28 5 229 219 241
14 23 205 203 216 232 239 211 214 226 241 249 229 229 232 244 252 251 252 248 244 245 10 20 11 247 235
14 24 235 227 224 234 250 244 237 236 240 248 254 254 252 251 245 253 2 1 247 234 243 250 247 235 221
14 25 3 255 4 28 50 245 232 239 18 48 231 216 228 16 51 221 221 242 26 52 223 245 19 41 49
14 26 56 43 18 251 239 55 42 21 0 244 53 37 18 2 246 47 30 13 0 246 42 27 11 254 245
14 27 237 242 250 253 1 240 243 248 250 253 242 243 245 248 250 242 243 245 247 249 242 244 247 248 251
14 28 3 4 2 255 255 0 1 1 0 254 253 0 0 255 254 252 254 254 254 253 254 0 255 252 253
14 29 0 2 0 247 245 0 2 0 247 246 255 1 254 246 247 254 255 250 243 247 253 251 247 242 247
14 30 0 2 238 226 240 2 4 239 224 238 4 5 239 222 235 6 8 240 221 232 9 11 242 220 229
14 31 16 50 59 32 0 15 50 61 35 3 13 50 64 41 7 9 48 64 44 11 5 44 63 47 13
14 32 247 248 248 247 250 246 245 248 251 254 244 240 246 254 2 242 233 242 255 5 240 228 238 253 6
14 33 255 3 5 3 0 1 1 2 1 0 2 1 255 0 255 5 1 255 254 254 8 4 255 252 251
14 34 255 255 254 253 255 254 253 253 253 0 254 253 252 255 0 254 253 254 0 1 252 254 0 1 2
15 0 1 2 3 3 2 254 3 8 7 1 254 3 10 7 1 255 2 6 5 1 1 1 2 1 1
15 1 254 252 255 4 4 255 254 1 4 5 255 0 3 6 5 1 1 4 6 5 2 3 4 5 3
15 2 3 0 252 249 247 4 0 251 248 245 4 255 250 248 243 2 254 250 246 239 0 252 248 242 233
15 3 247 244 233 231 254 242 236 232 242 17 232 228 238 4 28 224 223 250 26 29 222 228 9 39 21
15 4 22 15 248 236 243 37 12 235 242 15 33 2 231 255 38 10 243 241 15 45 243 238 3 27 37
15 5 7 22 10 246 246 27 19 3 247 251 38 12 254 252 0 34 5 250 0 4 22 254 250 2 7
15 6 1 6 6 9 14 6 9 8 12 17 6 9 12 14 18 6 10 15 17 20 8 12 18 25 31
15 7 17 17 20 24 30 18 18 27 33 22 23 28 31 24 0 31 38 26 255 229 36 30 5 230 216
15 8 27 7 237 223 225 0 235 224 229 241 229 220 227 241 252 217 224 240 251 254 221 236 251 0 255
15 9 235 248 0 5 9 248 251 252 0 6 255 253 252 254 4 0 0 254 252 1 0 2 0 254 0
15 10 12 16 18 20 15 12 17 19 19 17 11 16 16 17 16 8 13 13 14 15 5 9 9 9 11
15 11 1 238 226 226 238 7 249 239 236 240 12 4 254 247 245 14 12 7 255 248 13 15 11 4 255
15 12 1 15 21 19 11 250 1 8 18 24 245 248 254 9 21 246 247 251 0 5 254 253 253 251 248
15 13 252 236 226 225 234 19 7 0 2 13 24 21 19 21 28 9 12 15 16 17 250 253 254 252 254
15 14 251 21 44 49 39 29 42 46 44 36 36 39 35 32 30 19 18 15 16 17 2 1 252 251 252
15 15 30 29 30 28 20 33 33 32 25 10 30 28 26 19 8 16 12 11 12 12 248 244 248 2 11
15 16 7 0 254 250 245 251 246 252 254 248 253 250 254 0 253 11 8 5 4 3 15 15 14 13 11
15 17 247 254 3 2 0 246 249 255 5 5 250 251 0 6 7 2 1 2 4 4 8 3 1 255 255
15 18 0 0 0 255 254 0 252 254 1 2 0 251 252 255 3 0 253 252 253 0 254 254 253 253 0
15 19 254 0 255 253 253 1 255 252 252 251 2 255 252 250 250 1 255 252 250 250 255 255 253 251 251
15 20 252 251 253 0 4 250 250 253 255 5 251 251 252 255 6 251 251 252 255 4 251 251 251 253 1
15 21 10 18 27 33 33 13 21 29 34 29 13 22 30 33 26 12 21 29 32 26 10 20 29 31 25
15 22 22 252 223 212 231 14 245 217 206 214 11 245 225 214 215 11 251 240 235 235 11 0 253 253 254
15 23 2 22 21 1 241 237 4 16 13 3 227 245 6 16 15 237 242 252 9 19 252 250 253 8 16
15 24 239 242 239 234 231 249 243 243 248 5 7 0 2 12 28 19 17 18 24 33 17 15 13 14 19
15 25 244 20 46 52 47 24 44 56 53 44 43 51 50 44 36 40 38 32 26 19 21 16 8 255 249
15 26 38 26 12 254 245 35 25 12 254 244 28 18 5 247 238 12 4 248 235 230 247 244 237 231 231
15 27 242 244 247 250 253 240 242 247 251 254 237 244 252 255 255 235 249 5 4 0 241 2 12 8 1
15 28 0 1 0 254 252 0 2 2 0 254 1 2 3 1 254 1 2 3 0 253 0 2 2 0 253
15 29 252 252 248 243 248 253 254 252 246 248 253 1 0 249 250 253 2 2 250 250 253 1 1 252 253
15 30 10 13 244 221 226 9 13 246 222 225 8 12 244 222 224 8 10 242 219 223 9 9 242 219 222
15 31 1 40 63 48 15 253 38 63 52 19 251 36 63 54 24 249 33 59 55 29 248 30 57 55 33
15 32 240 226 236 253 8 243 227 237 255 8 247 229 238 255 7 252 233 239 253 4 1 236 238 251 3
15 33 9 5 0 251 250 9 5 0 252 249 7 3 255 252 252 5 0 253 253 254 6 1 252 252 254
15 34 252 255 1 2 1 251 253 0 0 255 251 252 254 0 255 251 250 252 0 255 252 251 255 2 0
16 0 2 1 255 255 0 2 0 254 254 1 1 0 254 255 2 1 1 0 1 2 2 2 2 1 1
16 1 3 5 4 1 0 4 6 4 255 252 4 6 4 255 252 4 4 2 255 251 2 1 255 253 249
16 2 253 251 245 235 225 251 248 241 228 223 248 243 234 222 225 245 236 227 223 237 243 230 221 232 2
16 3 227 244 21 38 8 240 11 30 25 249 3 35 31 3 236 21 48 25 243 235 32 42 12 235 244
16 4 230 243 22 31 19 226 251 30 28 6 235 2 26 19 255 251 11 16 9 254 14 20 9 1 255
16 5 5 252 253 3 8 251 253 0 4 9 250 0 4 7 10 253 2 6 9 18 0 4 7 14 32
16 6 12 16 22 35 42 15 24 33 41 35 18 35 46 36 8 31 43 41 14 233 48 42 18 238 211
16 7 29 3 233 218 222 6 229 214 219 234 232 210 213 230 246 211 210 225 243 253 210 226 242 251 255
16 8 237 248 255 2 2 249 1 1 2 3 254 2 3 3 3 0 2 3 4 2 0 2 4 4 4
16 9 3 3 1 255 0 4 4 2 0 255 4 4 3 255 255 4 5 4 3 1 5 6 7 6 5
16 10 2 4 5 6 7 0 1 3 3 3 0 2 4 4 2 1 2 4 2 1 3 2 2 2 1
16 11 9 12 10 6 6 4 6 5 6 10 1 0 1 3 9 0 254 254 0 5 1 0 255 254 0
16 12 8 6 255 250 246 14 11 1 251 250 13 10 1 254 0 8 5 0 0 3 1 0 253 254 2
16 13 243 240 236 235 242 246 239 233 232 241 253 248 243 243 249 2 254 252 252 253 3 0 254 254 254
16 14 253 251 239 231 229 253 250 236 227 224 254 252 243 237 235 253 253 250 248 247 253 253 255 255 254
16 15 226 223 231 249 5 222 222 231 247 255 236 239 245 251 254 249 253 0 1 0 0 2 4 5 4
16 16 8 12 17 20 16 0 3 11 14 12 252 252 254 0 1 254 251 249 251 0 3 0 255 2 9
16 17 9 1 252 250 251 6 255 250 247 248 2 0 252 246 245 4 2 252 246 246 9 2 252 248 249
16 18 252 254 0 0 0 251 255 3 3 1 252 1 4 4 3 252 2 5 4 3 253 2 5 5 2
16 19 0 255 253 250 249 255 255 252 250 249 0 254 252 249 248 1 254 252 249 248 0 254 252 250 247
16 20 251 251 250 251 255 249 250 250 250 254 249 250 251 251 253 248 248 250 252 255 246 247 251 254 1
16 21 7 18 28 31 26 6 17 27 31 26 4 15 26 31 26 5 14 23 28 24 6 12 20 25 23
16 22 12 1 255 2 6 13 1 253 254 3 13 1 249 247 248 13 3 250 245 246 14 4 255 252 252
16 23 6 3 4 9 10 4 4 4 5 2 251 251 252 252 250 247 250 250 249 249 254 254 255 253 253
16 24 4 251 247 248 253 248 241 238 240 243 246 245 246 247 248 249 251 254 0 0 253 255 2 3 2
16 25 255 251 242 229 222 246 245 237 224 217 251 254 250 240 232 1 6 5 253 246 3 6 7 2 253
16 26 226 231 235 238 242 222 231 240 246 253 234 241 247 253 3 247 250 253 0 5 253 254 255 2 6
16 27 252 9 15 8 0 4 12 13 6 254 9 11 9 2 254 10 10 7 1 253 10 12 9 3 254
16 28 254 255 0 255 251 253 253 254 254 250 252 253 252 251 249 252 253 252 249 248 254 254 251 248 248
16 29 251 253 255 253 0 248 251 253 254 3 248 250 251 253 3 248 251 252 253 1 250 252 253 252 255
16 30 12 10 242 220 222 13 10 242 220 222 13 10 242 221 222 10 7 241 221 222 7 5 242 223 223
16 31 246 27 54 56 36 245 24 51 57 40 244 22 49 57 45 243 20 48 56 45 242 20 47 53 43
16 32 6 239 236 246 3 12 243 235 243 1 19 249 236 239 254 23 253 238 236 249 23 0 237 233 245
16 33 9 2 250 249 252 9 3 248 247 251 8 0 247 248 253 3 255 246 248 253 1 254 248 249 254
16 34 254 255 1 2 0 254 0 0 1 0 255 254 253 253 0 0 254 251 251 2 1 0 253 252 3
17 0 2 3 4 2 0 0 2 5 3 0 255 1 5 4 1 255 1 4 4 3 0 1 3 3 3
17 1 0 0 254 250 247 0 0 254 249 242 0 1 254 247 237 2 1 254 247 231 1 255 251 242 227
17 2 239 224 222 248 24 233 223 229 9 41 227 229 247 25 44 224 241 15 34 32 226 1 34 35 13
17 3 37 25 252 233 252 32 1 235 236 3 19 237 229 245 8 0 227 234 2 15 240 228 245 15 19
17 4 24 23 7 255 1 25 22 7 3 6 20 17 9 7 9 14 12 11 10 12 11 10 13 12 17
17 5 4 7 15 27 46 9 14 29 46 51 14 24 44 58 39 22 37 54 52 12 34 52 49 23 235
17 6 51 26 240 214 209 36 251 212 207 224 1 220 203 215 240 218 201 214 233 248 199 203 230 247 254
17 7 222 241 252 255 0 242 250 253 254 0 254 255 255 0 1 1 2 3 2 2 1 4 5 5 2
17 8 1 2 3 3 3 2 3 3 2 2 3 3 3 1 0 2 3 3 2 0 1 2 2 2 1
17 9 5 7 7 7 6 3 6 7 6 4 2 5 5 4 2 1 4 3 3 2 1 3 2 2 3
17 10 4 3 2 2 2 2 2 2 3 3 2 3 3 4 6 2 3 3 6 8 3 2 2 5 8
17 11 3 3 2 1 255 5 4 4 4 3 7 5 5 4 5 8 4 2 3 5 7 3 0 0 5
17 12 255 253 252 253 0 1 255 252 253 1 5 4 1 0 1 9 10 7 5 2 9 11 10 6 3
17 13 2 0 0 255 254 2 1 1 1 3 3 3 2 3 4 2 3 3 3 5 3 4 2 2 3
17 14 254 255 1 3 4 3 3 4 5 7 7 8 7 7 9 8 10 9 9 7 6 8 8 6 4
17 15 5 6 7 7 6 8 7 7 6 5 8 7 4 4 4 5 2 1 1 2 2 0 0 2 3
17 16 5 4 5 9 14 4 5 8 11 11 4 6 10 11 7 4 6 10 8 3 5 4 5 4 1
17 17 10 1 250 248 251 6 254 249 249 253 1 251 249 251 255 253 249 250 253 2 253 250 250 254 3
17 18 255 3 6 5 3 1 5 6 5 1 3 5 5 3 1 5 5 3 0 0 4 4 2 255 255
17 19 0 254 253 251 248 255 254 253 252 249 254 253 253 252 250 255 255 254 253 250 255 254 254 253 249
17 20 245 246 250 255 1 246 247 250 254 254 246 247 250 254 255 247 247 250 253 0 247 246 248 252 0
17 21 5 11 18 24 22 2 9 19 24 23 2 9 18 24 22 3 10 18 22 22 5 10 16 21 22
17 22 13 5 2 2 2 13 4 2 4 4 13 5 1 2 3 15 7 0 255 2 18 9 0 253 0
17 23 1 1 1 1 2 3 255 254 1 4 2 255 253 255 3 3 1 254 254 1 4 3 1 255 255
17 24 3 4 4 3 2 6 6 4 1 255 7 7 5 2 0 4 6 5 3 1 1 2 4 4 2
17 25 2 5 5 4 2 0 3 5 6 6 0 1 4 6 5 1 3 3 4 3 1 3 3 3 2
17 26 1 1 2 5 7 3 3 4 7 10 4 3 6 7 9 3 3 5 6 6 2 3 3 4 5
17 27 11 13 10 4 255 11 14 11 4 255 11 12 10 3 254 7 10 9 4 254 7 9 9 4 254
17 28 255 255 251 247 248 255 255 251 249 249 254 254 252 249 249 252 252 251 250 250 251 249 249 249 249
17 29 250 254 255 253 255 252 254 255 255 2 252 254 0 1 4 251 254 1 1 4 250 254 1 1 4
17 30 6 5 242 224 223 9 5 243 224 223 9 5 241 224 222 8 3 240 222 220 8 4 240 221 219
17 31 242 19 46 52 41 240 18 45 52 42 239 16 45 53 44 237 14 44 53 48 235 13 42 53 49
17 32 23 1 239 233 245 25 4 239 235 248 28 7 241 232 247 33 11 241 229 243 37 15 242 227 238
17 33 1 255 247 249 255 3 255 247 251 0 4 255 246 250 2 1 252 245 251 3 254 249 243 251 3
17 34 1 0 253 253 3 1 254 252 252 2 1 252 250 252 1 2 253 250 253 2 2 253 251 254 2
18 0 255 0 1 1 1 255 0 0 0 254 1 1 2 0 253 2 1 2 255 252 2 1 1 255 251
18 1 0 252 245 235 227 253 248 235 226 232 251 243 227 221 243 248 239 223 223 0 244 235 225 234 12
18 2 236 17 45 28 248 253 29 42 13 232 19 36 28 251 225 35 36 11 238 225 40 29 253 233 231
18 3 231 237 3 21 19 230 250 12 21 18 235 6 18 17 16 242 12 21 16 15 249 15 21 17 14
18 4 9 9 14 17 25 11 9 15 28 42 14 13 20 44 62 18 22 35 57 63 19 36 55 60 40
18 5 48 59 29 235 206 53 42 252 205 196 45 4 219 196 206 22 222 197 203 221 245 198 192 214 234
18 6 203 220 241 253 0 217 236 248 255 3 230 245 251 1 5 240 250 255 3 8 247 254 2 6 8
18 7 3 3 4 4 3 5 3 3 3 3 6 4 2 2 3 7 5 3 3 2 7 5 4 2 2
18 8 1 1 1 1 1 1 0 0 1 1 1 1 255 1 1 2 1 0 1 1 2 1 0 1 1
18 9 1 2 1 2 3 1 1 1 2 3 2 1 2 3 2 2 2 2 3 1 3 3 2 1 1
18 10 3 2 1 3 5 2 1 1 2 3 0 0 2 2 2 255 0 2 3 2 1 0 2 2 3
18 11 5 3 0 0 4 4 4 2 1 2 4 6 4 2 2 4 6 5 2 1 4 4 4 2 2
18 12 7 8 7 5 3 4 6 5 4 2 4 5 6 3 0 3 5 6 4 0 1 3 7 5 2
18 13 3 3 2 1 1 3 5 4 2 2 1 5 6 4 3 0 3 5 5 5 0 1 2 3 4
18 14 4 5 3 2 0 2 2 0 255 255 3 1 255 254 0 4 3 0 0 1 3 3 3 3 3
18 15 0 2 4 5 5 1 3 6 8 7 2 5 7 7 7 3 6 7 6 6 5 6 7 5 4
18 16 5 3 1 1 1 5 1 255 255 255 6 4 2 0 255 5 5 3 2 255 3 3 2 2 1
18 17 255 251 251 253 1 255 253 252 254 0 254 254 254 0 2 254 255 0 1 3 0 255 0 2 3
18 18 3 3 1 255 254 3 3 1 255 253 4 4 2 0 254 4 4 2 0 255 4 3 2 0 255
18 19 254 254 254 252 249 253 255 254 252 249 254 0 0 253 250 255 1 1 255 252 255 255 0 255 253
18 20 246 245 246 250 255 246 245 245 248 252 247 246 246 247 249 249 246 246 246 248 249 245 244 245 249
18 21 4 9 14 20 22 1 8 14 20 23 254 6 15 21 22 253 7 15 21 22 255 8 16 19 20
18 22 19 11 1 252 254 19 12 2 253 252 18 12 5 254 250 18 13 6 255 250 18 13 7 0 250
18 23 2 4 4 2 0 255 3 5 4 1 251 1 4 5 3 249 252 1 3 3 248 249 253 1 3
18 24 255 255 1 2 1 255 253 255 0 0 0 255 255 255 254 2 1 0 255 253 3 2 2 0 254
18 25 1 3 3 3 3 255 1 3 3 3 255 0 1 2 2 253 254 0 0 0 252 254 255 0 0
18 26 3 3 3 4 6 3 3 4 6 7 2 3 4 6 7 1 2 4 6 6 1 3 4 6 7
18 27 8 10 9 5 1 9 12 10 7 0 9 13 13 6 255 9 13 13 6 253 10 14 14 6 253
18 28 252 249 248 249 249 251 248 247 248 248 249 247 247 248 249 249 247 247 248 251 249 247 246 248 252
18 29 251 255 1 0 2 251 255 1 0 2 253 1 3 2 4 254 1 3 4 5 0 1 2 4 7
18 30 10 6 242 221 218 10 7 243 222 217 9 5 242 223 216 9 4 243 224 215 10 5 244 226 215
18 31 235 13 42 51 48 233 12 41 50 46 230 10 40 47 43 229 8 39 44 40 227 8 39 42 37
18 32 38 18 244 227 236 38 21 248 229 235 40 25 254 232 233 40 32 4 236 233 40 36 12 243 234
18 33 249 246 243 252 6 245 243 241 253 6 242 241 241 252 6 238 239 242 252 4 235 239 244 252 1
18 34 3 252 251 255 3 2 252 252 1 4 2 251 253 3 5 0 251 255 4 4 254 253 1 4 2
19 0 1 1 0 253 247 0 0 255 251 241 0 0 255 247 235 255 255 252 241 229 253 252 247 234 226
19 1 236 229 235 253 25 228 226 247 20 36 222 228 5 37 36 224 237 16 41 28 232 255 27 37 14
19 2 37 15 241 232 244 28 255 232 237 4 13 241 230 247 18 252 232 235 3 28 238 229 244 12 31
19 3 4 18 20 17 15 18 22 19 15 19 29 24 15 14 28 32 22 13 18 42 29 20 18 31 53
19 4 24 50 66 45 1 34 57 60 17 216 48 54 34 240 196 60 39 251 214 198 57 16 219 202 212
19 5 215 194 202 225 241 196 206 222 234 244 194 220 235 241 246 208 229 240 243 249 225 236 240 244 251
19 6 249 0 5 9 9 251 2 7 10 10 254 5 9 11 9 0 6 10 10 9 2 7 9 10 8
19 7 8 6 5 3 2 8 6 4 3 255 7 5 4 3 0 6 4 4 4 2 6 3 3 4 3
19 8 1 0 0 1 2 253 253 255 0 2 253 253 254 0 1 255 254 0 0 0 2 1 0 0 254
19 9 2 3 3 1 1 2 2 2 3 3 0 0 2 4 4 255 254 1 3 3 254 255 1 3 1
19 10 2 2 2 2 3 3 3 2 1 1 3 1 255 255 0 0 254 253 254 0 255 253 253 254 0
19 11 3 3 3 3 3 2 4 5 5 4 2 5 5 5 5 3 5 5 4 4 2 3 3 3 2
19 12 2 3 5 5 3 3 4 5 4 4 4 5 5 4 4 4 4 5 5 4 2 2 4 5 5
19 13 1 1 1 2 2 3 3 3 1 1 4 5 6 4 2 4 5 6 8 5 3 2 5 7 7
19 14 3 3 3 4 4 1 1 1 3 4 1 255 255 1 2 1 255 254 0 1 2 0 255 0 2
19 15 5 6 5 4 3 4 4 3 4 4 3 2 3 3 3 2 3 4 3 2 3 3 3 2 1
19 16 3 2 2 1 2 2 2 1 2 2 2 1 2 1 2 1 0 2 1 1 0 1 2 1 0
19 17 1 0 1 2 3 2 2 2 3 3 1 1 1 3 4 0 0 0 3 5 254 254 255 2 4
19 18 4 3 2 1 255 4 4 3 2 1 5 4 4 3 1 5 5 3 2 1 5 5 3 3 2
19 19 255 255 0 255 253 0 0 0 254 251 1 1 255 253 251 1 255 253 253 253 0 253 253 253 254
19 20 249 246 245 246 249 249 247 248 247 249 250 249 248 247 248 252 250 248 246 247 254 252 249 247 247
19 21 255 8 16 19 21 253 6 15 21 24 251 4 13 22 25 252 4 14 21 24 252 4 12 18 23
19 22 20 15 7 0 250 24 18 9 0 250 25 20 10 1 250 23 19 11 2 250 23 20 12 3 251
19 23 247 248 251 255 2 247 249 250 253 1 247 248 251 254 1 246 247 251 0 2 246 248 254 1 2
19 24 4 3 2 0 255 3 4 3 1 1 3 4 3 2 1 3 3 2 2 1 2 2 2 1 1
19 25 254 254 255 0 0 0 0 0 1 1 2 0 0 1 0 1 1 1 0 0 1 2 1 0 255
19 26 1 2 3 5 7 1 2 3 6 10 0 1 3 6 10 0 3 4 7 10 1 3 4 6 10
19 27 12 15 13 5 252 13 16 12 3 250 13 15 11 1 248 13 14 9 255 248 12 12 8 254 248
19 28 248 247 246 248 253 246 246 245 249 254 246 247 246 248 255 249 250 247 248 254 249 250 247 247 253
19 29 0 255 255 4 9 0 252 252 4 12 1 252 251 5 16 0 251 250 6 17 255 249 249 5 18
19 30 13 6 245 226 215 14 6 245 226 215 15 5 244 226 215 16 4 244 226 215 16 4 245 227 216
19 31 226 7 38 40 33 225 5 36 38 31 224 3 34 37 29 224 2 32 36 29 224 0 32 40 33
19 32 36 34 17 251 235 29 29 19 2 238 25 24 22 10 242 24 23 26 17 244 24 23 30 23 248
19 33 231 235 243 249 253 227 230 241 248 253 224 227 240 249 254 221 226 242 250 255 220 224 239 248 254
19 34 254 255 1 2 255 1 3 3 1 255 4 7 5 1 255 5 10 7 1 254 6 12 9 2 254
20 0 248 247 242 228 225 246 245 238 227 229 247 244 237 230 237 246 240 233 234 249 242 233 226 237 5
20 1 245 17 33 26 255 1 31 32 11 242 12 36 24 250 231 22 36 15 237 227 28 31 4 230 229
20 2 231 234 253 18 27 228 241 8 23 25 232 253 20 27 24 239 9 30 30 26 250 21 38 33 31
20 3 23 19 32 51 55 21 25 49 65 44 26 39 62 65 22 38 57 64 46 251 53 71 53 10 225
20 4 33 243 203 203 225 0 217 200 213 237 222 199 207 225 242 202 195 217 236 247 201 205 225 243 253
20 5 239 240 241 244 250 246 245 244 245 251 250 249 248 247 251 252 253 251 248 250 2 1 251 246 249
20 6 3 7 9 10 10 1 6 8 9 10 0 5 7 9 8 0 4 6 6 6 1 4 5 5 4
20 7 7 4 1 1 2 8 4 2 1 2 6 6 4 3 2 5 5 5 4 3 3 2 3 3 3
20 8 3 3 3 0 255 3 3 2 1 0 2 2 2 2 2 1 0 1 2 3 1 0 1 0 1
20 9 255 1 2 1 0 1 2 2 1 0 3 2 1 1 1 3 1 0 1 2 1 1 1 1 1
20 10 255 254 255 255 255 0 0 1 0 255 2 2 2 1 0 2 2 3 1 0 3 3 2 2 1
20 11 255 255 255 0 0 254 252 253 254 0 254 253 253 255 1 0 255 255 0 2 1 1 1 0 0
20 12 0 1 2 3 4 0 0 1 2 3 3 2 2 3 4 2 2 3 4 6 0 0 2 5 6
20 13 3 1 2 5 5 2 1 1 4 5 4 1 2 4 5 5 3 2 3 4 6 3 0 1 2
20 14 4 1 0 1 3 5 2 0 1 3 4 2 254 255 2 3 2 0 255 1 3 3 1 1 2
20 15 3 2 2 2 1 4 2 1 1 2 3 2 1 1 1 2 3 2 2 2 3 2 3 3 3
20 16 1 2 1 1 254 2 2 1 1 0 3 2 1 1 2 3 2 1 1 2 2 2 2 2 0
20 17 254 253 254 0 2 254 254 253 254 1 0 254 254 254 0 0 254 253 253 255 254 252 252 254 0
20 18 4 4 4 2 2 3 4 3 2 0 2 4 4 3 0 2 3 4 3 255 2 3 4 2 0
20 19 255 253 251 253 254 254 252 252 253 253 254 253 254 253 253 254 254 254 253 252 254 255 254 253 252
20 20 253 252 250 249 249 253 252 252 251 250 253 253 252 251 250 253 253 252 250 248 254 254 251 248 247
20 21 251 0 7 16 21 250 252 3 12 20 247 248 254 9 19 247 248 255 10 19 248 251 1 11 19
20 22 24 22 15 5 249 25 24 18 6 249 24 24 20 8 248 24 25 21 10 248 23 25 23 12 250
20 23 245 250 255 0 255 244 249 255 255 255 241 245 252 254 0 239 243 250 255 0 241 244 251 255 1
20 24 2 2 1 1 2 0 1 1 0 2 0 0 255 1 2 1 255 0 0 2 1 1 0 0 1
20 25 2 1 1 0 0 3 2 1 1 1 3 3 1 1 1 3 2 1 1 1 1 0 0 1 1
20 26 1 3 4 7 10 1 3 4 8 11 3 3 5 8 11 2 3 6 9 13 2 3 5 10 15
20 27 12 12 6 253 247 13 11 5 253 247 13 10 4 252 246 14 9 2 251 245 15 8 255 248 244
20 28 246 247 246 247 254 245 245 246 249 253 242 243 247 251 254 242 243 248 254 0 242 243 249 255 2
20 29 254 247 247 4 17 253 248 248 5 16 253 250 252 9 17 255 251 254 9 18 0 251 253 8 18
20 30 15 5 245 229 216 14 4 246 229 216 13 2 244 228 215 13 2 244 227 216 15 4 245 228 217
20 31 223 255 32 45 40 221 252 30 48 44 219 248 25 45 44 220 245 21 42 43 221 243 17 39 43
20 32 27 21 30 28 252 27 18 30 32 2 25 15 27 32 7 25 12 23 30 12 24 10 19 26 13
20 33 223 222 235 244 251 228 223 232 240 247 236 228 233 238 247 243 233 233 239 248 248 234 231 239 250
20 34 6 13 11 3 255 5 13 10 2 254 3 10 8 1 253 3 9 6 0 253 4 8 6 1 252
21 0 234 225 222 247 21 224 218 224 4 38 215 216 234 17 44 210 221 250 24 35 205 226 10 29 24
21 1 32 20 248 228 237 33 4 236 229 247 27 248 229 233 0 15 241 230 240 9 1 236 236 254 23
21 2 5 28 40 39 43 16 30 38 49 59 25 36 43 60 68 33 46 54 66 61 46 61 64 56 29
21 3 62 67 28 230 208 60 40 250 207 204 44 2 219 201 212 14 218 201 211 228 238 200 201 225 240
21 4 210 220 231 245 1 221 231 233 246 3 231 236 235 246 5 238 238 237 247 5 243 239 239 248 7
21 5 6 4 251 244 248 9 5 251 244 246 11 7 253 245 246 12 8 255 247 246 13 10 0 247 246
21 6 0 4 4 3 4 255 4 4 4 4 252 3 6 6 4 252 1 5 6 5 251 1 4 5 5
21 7 3 2 2 3 2 4 4 3 2 3 5 5 4 3 3 4 5 5 5 3 4 4 5 5 3
21 8 1 1 1 0 255 3 2 1 0 255 2 2 2 0 255 1 0 2 1 255 0 1 2 2 0
21 9 0 0 0 1 2 254 255 1 1 1 255 1 1 1 0 1 2 1 254 255 1 2 0 255 0
21 10 2 2 2 2 2 1 1 2 3 3 0 1 2 2 3 2 2 2 2 2 2 3 1 1 1
21 11 2 2 2 1 0 3 2 3 2 2 2 2 3 3 4 1 1 1 2 4 1 0 0 0 2
21 12 255 255 1 3 6 2 255 254 1 4 4 1 254 255 2 5 2 255 254 255 5 4 1 255 254
21 13 6 3 0 0 1 5 3 0 0 1 3 2 1 1 1 0 0 1 1 2 255 255 1 2 2
21 14 3 4 3 3 3 3 4 3 3 3 3 3 3 3 3 1 2 2 3 2 2 2 2 1 1
21 15 3 2 3 3 3 3 1 2 3 4 2 1 2 4 5 1 2 3 5 5 1 3 4 5 5
21 16 2 3 4 2 255 2 3 5 3 254 3 4 4 2 255 5 4 3 1 0 4 3 1 0 0
21 17 252 252 252 254 0 251 253 253 254 0 253 255 255 255 255 255 0 0 0 0 0 0 0 0 255
21 18 1 2 2 1 0 1 2 2 1 1 2 2 0 0 0 2 2 1 0 255 1 2 2 0 254
21 19 254 254 253 253 253 0 254 254 253 252 0 255 253 254 253 254 254 253 253 253 253 252 253 253 252
21 20 254 252 250 248 248 252 251 249 248 249 252 250 249 249 249 251 251 250 250 250 251 251 250 250 250
21 21 249 254 3 11 17 251 254 3 8 13 251 254 0 4 10 251 252 254 1 7 251 250 251 253 5
21 22 21 25 26 16 254 18 24 28 21 2 16 25 32 26 6 16 27 33 28 10 17 28 35 29 13
21 23 243 244 250 254 0 244 243 248 253 0 246 242 245 252 255 249 240 242 249 254 251 240 239 248 255
21 24 1 1 0 0 0 0 0 0 0 0 0 0 0 0 1 0 0 0 0 1 0 0 2 2 1
21 25 0 0 0 1 1 1 1 1 0 1 1 2 1 0 1 1 2 1 1 1 0 1 2 2 3
21 26 2 4 7 12 15 3 6 9 12 13 4 8 11 12 13 6 9 10 12 12 7 9 11 12 12
21 27 14 6 253 246 242 12 6 254 245 240 10 6 253 244 239 10 3 250 241 238 9 0 247 239 238
21 28 241 244 249 255 3 241 245 249 253 2 243 247 249 252 0 244 250 252 252 255 246 251 253 253 0
21 29 3 253 253 7 17 3 0 1 10 17 3 3 4 11 16 2 3 6 11 15 2 3 5 10 13
21 30 17 7 246 230 219 17 7 247 231 221 16 7 246 230 222 15 6 246 231 223 13 5 247 232 225
21 31 223 242 13 36 42 224 239 9 34 43 223 237 4 32 43 224 236 2 31 44 224 234 255 28 44
21 32 24 10 17 27 15 25 10 20 31 21 27 13 23 34 23 30 17 24 33 23 33 19 23 30 23
21 33 251 233 227 237 252 253 231 222 234 251 255 229 219 231 250 0 229 217 231 250 2 232 219 231 249
21 34 5 6 4 255 252 4 5 0 252 253 3 2 252 250 254 0 254 249 249 0 254 250 247 250 4
22 0 203 232 22 31 13 211 238 21 23 2 232 245 8 3 244 253 253 251 240 230 11 4 246 231 222
22 1 246 235 248 17 41 241 242 10 38 50 240 253 27 50 47 233 250 22 41 36 223 236 254 16 28
22 2 59 72 66 31 241 55 62 49 3 210 34 31 20 240 206 22 16 6 237 215 31 27 13 244 224
22 3 211 203 217 237 247 199 215 231 242 249 205 223 237 244 250 216 230 240 246 251 224 236 244 250 253
22 4 246 241 240 249 8 249 243 240 250 9 250 244 241 250 10 252 245 240 250 10 253 245 241 249 9
22 5 16 15 3 247 247 19 18 4 246 246 19 17 3 246 246 20 18 4 246 245 20 22 8 248 244
22 6 252 1 3 3 4 252 1 2 2 4 253 0 0 2 3 251 255 255 1 3 249 252 254 1 4
22 7 4 5 5 4 2 5 5 3 2 2 4 3 2 1 2 4 3 2 2 2 5 4 3 3 3
22 8 1 2 2 3 1 3 3 3 3 2 2 2 2 2 2 1 1 1 2 2 2 1 0 1 1
22 9 0 0 255 1 1 0 255 0 1 2 0 0 0 0 255 2 2 1 0 255 1 1 2 1 1
22 10 2 1 0 0 2 0 0 255 1 2 255 255 1 2 1 255 0 1 2 1 0 1 2 2 255
22 11 2 1 0 0 0 2 1 0 255 255 2 3 2 0 255 2 3 3 1 0 0 2 3 3 0
22 12 2 2 1 255 253 255 0 0 0 254 255 255 255 255 255 255 255 255 255 1 255 255 1 1 1
22 13 253 255 0 1 2 254 255 0 1 3 255 0 1 0 1 1 2 1 0 1 1 2 2 1 1
22 14 3 2 1 255 0 3 3 1 0 1 2 2 2 2 4 1 2 2 4 4 1 2 2 3 4
22 15 1 3 4 3 3 2 3 3 3 1 4 2 1 1 1 4 2 0 0 1 4 2 1 1 0
22 16 1 1 1 1 0 0 1 3 3 1 0 1 3 3 1 1 2 4 3 255 0 1 3 3 253
22 17 255 254 254 254 254 254 251 251 251 253 252 248 248 249 252 251 245 246 249 253 246 242 244 250 2
22 18 254 1 4 3 0 253 1 6 6 1 255 3 5 5 3 3 5 6 4 4 6 7 7 6 5
22 19 253 253 253 252 251 255 254 254 253 251 1 1 255 253 251 3 4 2 255 253 6 8 7 5 0
22 20 249 250 250 252 251 249 250 252 253 251 250 252 254 254 251 251 253 254 254 251 254 253 253 253 250
22 21 251 250 249 250 1 250 251 250 249 255 250 251 251 250 255 250 252 253 253 2 250 253 255 0 5
22 22 15 29 35 30 17 14 28 34 32 20 13 28 35 33 23 14 27 36 37 26 15 27 37 38 28
22 23 0 242 240 248 0 3 243 238 246 0 5 242 235 243 252 7 242 233 240 251 8 243 232 240 251
22 24 1 0 3 3 2 1 2 4 6 3 1 3 6 6 3 255 3 4 5 3 0 2 2 2 2
22 25 1 1 1 2 4 1 0 1 3 4 1 0 1 3 5 0 0 1 3 5 0 1 2 4 5
22 26 7 10 12 13 12 8 11 14 14 11 7 11 14 16 10 7 12 16 16 8 9 14 19 16 2
22 27 6 252 244 239 240 3 248 240 239 242 1 245 238 239 245 252 241 237 241 247 244 239 239 244 249
22 28 246 251 253 0 2 248 251 252 0 3 251 253 253 253 0 252 254 252 250 254 254 254 252 251 0
22 29 5 3 4 8 11 5 5 5 7 10 4 7 9 9 9 3 8 11 11 10 5 8 11 11 10
22 30 12 6 249 235 227 10 5 250 237 230 9 5 251 240 233 8 4 251 241 235 8 3 250 242 237
22 31 225 233 252 25 42 227 230 248 20 39 228 229 243 15 35 229 227 238 10 33 231 226 234 6 32
22 32 33 20 21 28 23 31 19 20 26 25 31 20 21 26 29 33 24 22 25 31 37 31 25 24 30
22 33 5 237 222 232 247 10 242 226 231 243 18 250 230 230 240 25 1 234 232 237 27 5 237 233 237
22 34 250 246 245 250 7 246 243 242 249 11 242 240 239 248 13 239 236 235 246 17 236 233 233 246 20
23 0 16 9 251 240 232 13 12 8 3 255 9 12 15 17 17 10 12 14 18 23 15 15 16 21 29
23 1 229 234 248 13 35 251 0 17 38 52 18 25 42 56 52 30 40 51 49 26 42 49 40 18 245
23 2 45 36 12 245 229 50 26 251 233 229 32 3 234 225 230 251 232 226 229 235 222 218 227 236 241
23 3 231 240 248 254 255 234 243 251 0 0 237 246 253 1 1 242 248 254 3 2 245 249 255 3 3
23 4 254 246 241 248 7 254 245 240 248 7 253 244 238 247 7 253 243 238 246 8 253 243 237 246 6
23 5 21 24 10 247 241 22 24 9 246 239 21 22 8 245 240 19 21 7 248 243 18 20 8 249 247
23 6 246 251 254 3 5 245 252 2 5 5 246 253 3 6 5 249 253 1 3 5 252 255 255 0 3
23 7 5 6 4 4 3 5 4 4 4 4 4 3 4 4 4 5 4 4 4 3 4 4 4 3 2
23 8 2 1 0 0 1 3 2 1 0 0 3 2 2 0 0 2 1 2 0 255 0 0 2 1 0
23 9 1 0 1 1 2 1 1 0 1 2 0 1 0 1 2 255 0 1 2 2 255 0 2 3 2
23 10 3 2 2 0 0 3 3 2 1 0 2 2 1 0 1 1 0 0 0 0 0 255 1 1 0
23 11 0 1 2 2 0 255 255 0 2 2 255 255 0 1 2 1 2 2 2 1 1 3 4 2 2
23 12 0 0 1 2 2 1 0 2 1 0 1 1 1 0 0 2 1 1 0 255 2 2 2 1 0
23 13 1 2 2 1 0 1 2 1 0 0 1 1 1 0 255 0 0 0 1 0 255 255 1 1 1
23 14 1 1 2 2 2 1 2 3 2 1 1 3 3 2 1 0 1 2 2 2 1 0 1 1 2
23 15 3 3 2 1 0 1 2 3 2 0 1 2 3 3 1 3 3 4 4 2 3 3 5 4 2
23 16 255 1 5 2 251 255 2 6 4 251 0 2 6 4 252 1 2 3 1 251 1 1 2 0 252
23 17 244 240 243 253 4 243 240 244 255 5 245 242 247 0 8 247 245 250 3 10 249 247 251 4 13
23 18 8 10 10 11 13 10 12 15 17 20 12 13 12 11 11 15 11 2 246 237 16 7 245 224 209
23 19 15 16 16 12 7 23 23 22 19 13 12 14 16 18 14 237 244 254 5 8 209 223 237 246 251
23 20 1 253 251 249 249 5 253 248 247 249 8 1 252 248 250 7 4 0 254 250 253 254 255 253 251
23 21 251 255 2 5 8 252 255 2 6 10 251 251 255 6 11 247 246 249 1 9 246 242 243 250 5
23 22 16 26 36 38 28 15 23 32 35 26 15 22 30 30 18 16 22 28 22 7 14 21 23 16 0
23 23 9 242 234 242 253 7 242 235 244 254 0 241 238 246 255 247 241 242 249 255 243 242 246 251 255
23 24 0 1 1 1 1 1 255 1 1 2 1 0 1 2 3 1 2 3 3 3 2 3 4 4 3
23 25 1 1 2 3 6 3 3 2 4 8 3 4 4 6 11 3 4 4 8 13 3 4 6 11 17
23 26 11 16 18 12 251 15 18 15 5 245 18 19 9 251 239 19 16 1 241 236 19 10 248 235 235
23 27 239 237 241 246 251 236 237 244 249 252 235 240 247 249 252 237 243 249 251 252 241 247 250 252 253
23 28 254 254 253 252 1 255 0 253 252 255 254 255 254 253 255 255 0 255 254 1 255 255 254 254 3
23 29 5 7 9 10 11 3 5 6 9 10 3 4 5 8 8 4 6 7 6 5 7 7 6 6 5
23 30 7 1 250 244 238 6 255 249 244 242 5 0 249 246 244 3 0 251 249 246 3 0 253 250 248
23 31 232 224 230 2 29 235 226 227 253 25 238 226 225 247 19 239 225 223 243 16 241 226 221 239 12
23 32 39 35 26 23 27 38 38 28 21 23 37 40 30 20 20 38 44 32 20 20 37 47 33 18 19
23 33 25 5 241 234 234 22 6 244 234 231 19 7 246 234 228 20 9 248 234 225 21 10 249 233 223
23 34 233 230 229 245 23 229 227 226 242 23 224 224 226 243 24 222 224 228 248 25 221 225 233 253 27
24 0 21 21 23 30 42 19 19 24 39 54 8 10 18 41 56 248 3 24 44 43 237 11 50 48 17
24 1 54 51 17 234 215 57 38 249 209 204 44 10 229 206 212 15 235 217 216 225 235 210 212 225 234
24 2 215 223 233 240 244 220 234 241 244 246 230 242 248 250 251 238 249 0 3 4 243 254 9 14 14
24 3 247 251 0 5 5 249 252 1 3 4 253 255 0 1 1 2 1 255 254 255 8 2 253 252 253
24 4 255 244 237 243 3 0 245 238 243 2 254 246 239 244 3 253 245 240 244 3 251 244 239 244 2
24 5 19 24 11 250 247 20 27 13 249 247 21 28 13 249 245 21 29 15 250 244 21 31 16 251 244
24 6 254 1 0 255 2 254 3 1 2 2 252 2 3 4 3 250 1 6 6 5 248 0 6 6 5
24 7 3 4 3 2 1 3 2 2 2 1 2 1 3 3 3 2 2 2 4 4 3 2 2 3 3
24 8 0 1 2 2 1 1 2 1 2 1 2 1 0 1 2 2 1 1 1 2 2 1 1 1 1
24 9 0 0 1 3 2 1 1 0 1 1 1 1 0 1 1 1 1 1 2 2 0 255 0 1 2
24 10 0 0 2 3 1 0 1 2 3 3 1 1 3 3 2 1 1 3 3 2 0 0 1 2 4
24 11 1 2 3 4 3 2 1 2 3 3 1 0 1 2 3 1 0 1 2 2 3 1 1 2 2
24 12 2 3 3 2 0 3 2 2 1 1 2 1 255 0 0 2 0 255 255 0 0 0 255 0 1
24 13 255 1 2 2 3 1 1 3 2 2 1 2 1 0 0 2 2 0 0 255 2 2 0 255 254
24 14 2 2 1 1 1 4 3 2 1 1 2 2 2 2 2 0 1 2 3 3 255 1 1 2 2
24 15 3 3 4 4 3 2 3 4 3 2 2 1 3 4 3 2 1 3 5 3 2 2 2 4 3
24 16 2 3 3 3 255 1 2 4 4 2 0 0 3 5 3 0 255 2 4 5 2 0 2 4 5
24 17 251 248 250 2 11 253 248 248 255 6 255 249 247 249 254 2 252 249 249 251 3 0 254 254 253
24 18 14 3 237 215 202 9 1 241 226 218 2 2 254 251 250 254 2 7 11 13 253 255 2 6 8
24 19 204 219 233 239 240 221 233 243 244 240 251 0 3 2 253 13 13 11 9 4 9 8 6 4 0
24 20 238 239 243 247 249 235 232 235 238 243 245 237 233 232 234 252 244 236 234 234 248 243 240 242 245
24 21 246 242 240 244 253 242 238 235 237 248 233 229 229 233 247 234 233 235 243 254 249 252 1 7 12
24 22 11 19 19 10 254 8 18 14 6 255 9 17 12 4 0 11 15 8 2 0 15 12 6 1 254
24 23 247 248 250 252 254 251 252 253 253 254 254 253 254 254 255 255 254 254 0 0 254 254 255 0 1
24 24 1 3 3 3 4 0 2 3 3 4 255 0 2 3 4 255 255 0 2 3 1 1 2 2 4
24 25 4 5 9 16 20 5 7 13 21 22 5 9 16 23 19 6 12 18 21 13 8 15 20 17 6
24 26 16 3 242 232 238 10 251 238 235 242 3 243 236 238 247 250 236 235 243 252 242 232 237 247 255
24 27 245 251 252 252 254 251 254 253 253 253 254 255 253 251 252 0 0 253 251 252 1 255 252 252 254
24 28 0 0 252 253 4 255 255 251 253 5 255 0 252 253 5 0 0 253 254 6 1 0 251 252 6
24 29 9 7 4 4 6 10 6 1 4 6 10 6 0 3 6 11 7 2 3 6 13 10 5 5 6
24 30 5 1 252 250 251 5 0 250 250 253 6 0 250 248 254 5 0 250 248 254 4 1 251 249 252
24 31 244 229 220 234 6 249 232 220 229 0 252 235 220 225 250 253 237 221 221 244 251 238 223 220 239
24 32 36 49 33 15 16 34 50 34 14 14 29 49 36 17 15 25 50 40 21 16 22 51 43 23 16
24 33 20 12 251 231 219 20 15 255 231 216 22 19 3 232 212 20 21 7 233 210 16 19 8 236 211
24 34 222 230 240 1 28 219 233 247 8 30 216 233 251 13 30 211 230 254 18 31 209 227 254 23 31
25 0 247 29 73 45 242 28 55 75 26 218 70 71 51 254 208 98 66 7 224 214 89 44 228 209 225
25 1 208 203 216 232 241 200 216 230 240 245 209 232 245 247 250 227 244 253 255 255 240 251 0 2 1
25 2 246 0 11 18 17 249 254 4 10 11 252 253 255 2 5 254 254 255 2 3 255 0 1 3 5
25 3 10 2 253 253 253 7 0 254 254 254 3 1 255 0 255 3 2 0 0 255 5 4 1 0 255
25 4 250 243 238 244 3 250 241 235 244 6 251 241 235 244 8 251 242 236 244 6 252 243 238 243 3
25 5 23 31 18 252 244 23 30 15 251 242 23 28 14 251 244 21 26 15 254 247 18 25 17 1 249
25 6 247 255 5 7 5 247 254 4 6 5 247 254 2 5 5 248 252 1 4 4 249 253 1 3 4
25 7 3 3 2 3 2 3 2 2 1 2 4 3 3 2 2 5 5 4 2 1 5 6 5 3 2
25 8 2 2 1 1 1 1 0 255 255 0 1 0 255 255 0 1 1 0 0 0 2 2 1 0 0
25 9 0 255 255 0 1 0 255 255 255 255 0 0 0 255 255 0 0 1 1 2 0 1 2 3 3
25 10 1 255 255 1 3 0 255 254 255 1 0 0 255 255 1 2 1 1 1 1 3 3 2 2 2
25 11 3 1 1 1 1 3 3 2 1 0 2 3 2 0 0 2 2 1 1 2 2 1 1 0 1
25 12 0 255 1 1 0 0 0 0 1 0 0 1 0 0 0 1 0 0 1 2 1 0 255 0 3
25 13 1 3 2 0 255 0 1 2 1 2 0 1 2 3 3 4 4 4 3 2 5 5 4 3 2
25 14 0 1 1 1 2 1 1 1 1 2 2 2 1 2 3 2 2 1 3 5 1 2 2 4 4
25 15 2 3 3 3 3 3 3 3 3 2 4 3 3 3 3 4 3 2 3 3 4 3 3 3 3
25 16 2 2 3 3 4 3 4 5 5 5 3 4 5 5 5 3 4 4 4 4 2 2 1 3 4
25 17 4 3 3 4 2 4 3 5 5 5 3 3 4 5 5 3 3 4 4 3 4 2 1 2 2
25 18 255 253 253 254 254 2 255 253 251 251 3 2 254 253 252 3 1 254 253 253 1 255 253 252 252
25 19 0 0 0 1 253 251 251 255 5 4 251 251 2 13 14 252 254 6 19 22 252 254 9 22 26
25 20 245 242 243 250 2 252 245 244 254 12 5 250 245 253 13 13 255 244 248 7 17 2 244 244 0
25 21 11 17 21 22 21 23 27 26 23 18 25 26 22 17 13 19 21 17 12 10 11 14 12 10 9
25 22 16 10 3 255 253 14 8 3 0 253 10 7 3 0 254 9 8 4 0 253 11 9 3 254 253
25 23 253 254 0 1 2 253 254 255 1 1 252 253 255 255 0 253 252 254 255 1 252 252 253 0 3
25 24 3 3 2 2 5 2 2 3 4 7 1 2 3 5 9 2 1 3 6 13 3 3 3 9 18
25 25 11 19 20 11 252 13 22 19 3 243 17 24 18 253 236 20 21 10 246 233 22 15 0 239 234
25 26 237 232 240 250 255 235 237 243 250 254 236 243 247 251 254 238 247 251 253 254 241 250 253 255 255
25 27 0 254 252 252 255 255 254 252 252 254 255 254 252 251 252 255 254 253 251 252 255 253 252 251 254
25 28 0 255 251 252 7 0 0 252 255 10 1 1 253 255 12 3 4 252 254 12 5 5 253 253 13
25 29 15 12 8 6 6 16 10 4 7 9 18 8 1 6 10 20 8 254 4 10 20 7 252 2 8
25 30 4 0 252 251 253 4 255 255 0 255 5 254 255 3 3 4 253 255 3 4 3 252 255 3 4
25 31 249 238 225 219 235 251 241 228 220 233 254 244 231 220 230 0 246 233 220 226 0 248 234 220 224
25 32 19 50 44 24 14 15 46 45 27 15 10 42 44 31 16 4 37 45 35 20 254 32 44 40 26
25 33 13 14 5 238 214 9 8 1 236 217 7 3 251 234 219 8 0 247 233 223 10 0 244 233 227
25 34 211 227 0 25 30 215 231 4 26 27 221 237 6 24 23 228 244 8 22 21 234 250 11 21 18
26 0 48 13 218 214 235 3 244 223 228 243 235 232 233 241 250 229 233 242 250 255 235 239 248 252 1
26 1 246 250 255 2 3 248 248 252 0 1 252 251 252 254 255 0 254 253 253 254 2 3 1 254 255
26 2 0 0 1 4 6 1 255 255 2 7 0 254 252 255 4 254 252 251 254 4 255 253 252 254 4
26 3 8 7 5 1 255 9 9 6 2 255 9 9 4 255 253 8 9 2 252 252 9 11 5 253 252
26 4 251 244 238 242 255 252 245 239 241 252 252 245 239 240 250 252 246 239 240 250 252 245 240 240 248
26 5 15 25 18 4 251 13 26 20 6 252 12 23 20 8 253 10 21 19 9 254 6 17 19 11 1
26 6 251 254 2 4 4 251 254 3 4 3 250 253 4 5 3 249 252 2 5 4 248 250 0 4 5
26 7 5 6 6 4 2 4 5 5 4 2 4 4 4 2 1 4 4 3 1 0 4 3 3 2 3
26 8 2 2 1 0 0 2 1 1 0 0 1 2 2 2 1 2 3 3 3 2 2 3 3 3 2
26 9 0 1 1 1 2 0 0 1 1 1 0 255 0 2 2 0 255 0 2 3 0 254 0 2 3
26 10 3 3 3 3 2 2 3 3 3 3 2 2 2 2 2 2 1 1 1 2 2 1 0 0 2
26 11 2 1 255 255 0 1 0 255 254 254 1 1 0 255 255 2 1 0 255 0 3 2 1 255 0
26 12 255 0 0 1 2 255 255 255 1 1 0 1 0 0 0 3 2 0 255 0 3 2 0 254 255
26 13 4 5 4 3 2 2 4 4 3 3 1 3 3 2 2 1 1 1 2 2 255 255 0 1 3
26 14 2 1 1 2 2 2 2 1 1 1 1 2 1 1 1 3 2 2 0 0 4 3 1 0 1
26 15 3 3 3 3 2 1 2 3 3 2 1 3 3 3 3 1 2 3 4 4 0 1 2 5 6
26 16 2 1 255 1 3 2 0 255 255 1 4 2 0 254 255 5 4 2 255 253 5 3 1 0 255
26 17 3 2 1 1 1 1 2 1 0 0 0 2 2 0 254 255 2 3 1 255 0 3 2 2 1
26 18 0 255 253 252 250 255 254 253 251 249 255 254 254 252 250 255 0 255 253 251 1 1 0 253 251
26 19 251 0 11 23 28 251 0 11 23 27 252 2 13 24 27 253 3 14 25 27 254 5 16 26 28
26 20 19 4 246 244 0 19 4 248 245 0 20 6 249 245 255 21 6 247 242 250 21 5 244 237 244
26 21 9 12 11 9 11 9 12 11 10 11 9 15 15 12 10 6 15 17 13 10 2 14 20 17 13
26 22 12 10 2 253 252 13 10 1 252 252 9 7 2 253 252 8 6 2 255 252 11 8 4 254 250
26 23 252 251 252 1 5 252 251 253 2 5 252 251 254 1 5 251 253 255 3 4 250 254 2 3 4
26 24 4 4 6 14 24 5 6 11 19 27 5 8 15 21 23 6 10 19 23 17 6 13 24 24 10
26 25 23 6 244 234 236 19 253 235 232 241 11 243 230 234 244 0 237 229 237 248 246 234 232 241 250
26 26 245 252 253 253 254 249 254 254 254 255 252 255 255 255 1 253 254 255 0 2 253 254 254 0 0
26 27 255 253 252 252 0 255 252 250 253 1 0 251 250 253 3 255 251 249 255 4 254 251 251 0 5
26 28 5 5 253 253 11 5 4 254 254 10 5 3 254 0 11 3 0 254 2 12 2 254 0 5 12
26 29 18 5 251 0 7 15 4 250 255 6 15 4 251 0 6 14 4 253 0 6 13 5 255 0 3
26 30 2 253 0 4 3 3 255 2 5 1 4 1 4 5 1 4 1 3 4 0 1 255 1 3 1
26 31 255 247 236 222 223 252 246 237 224 223 250 245 237 225 222 251 246 238 226 223 253 248 240 228 224
26 32 248 24 42 45 32 243 16 40 47 36 241 12 37 46 33 240 10 35 44 30 240 9 34 44 30
26 33 15 0 244 234 232 16 255 243 236 236 12 251 240 235 238 8 247 237 235 241 7 246 237 237 245
26 34 240 254 13 19 16 245 2 13 18 15 247 3 12 15 12 250 5 11 13 10 255 8 10 9 8
27 0 242 247 254 1 0 244 252 8 8 3 243 1 20 19 7 244 7 33 29 12 244 9 37 33 12
27 1 3 5 2 255 0 1 0 255 254 0 0 252 251 252 0 255 251 249 250 255 255 249 247 250 255
27 2 0 255 252 254 3 2 0 252 253 1 3 1 252 251 255 3 2 253 251 254 3 1 253 252 0
27 3 11 13 8 0 252 9 15 11 4 254 7 15 14 8 1 6 14 16 11 1 6 13 15 11 1
27 4 250 245 240 239 247 250 244 239 239 246 249 243 239 239 245 248 243 240 241 246 248 243 242 242 247
27 5 5 17 19 13 2 4 17 19 12 3 4 18 19 11 4 2 15 16 10 4 2 14 15 9 4
27 6 250 249 254 2 5 252 249 251 255 4 253 250 249 254 3 255 250 250 253 3 255 251 249 252 2
27 7 4 3 3 5 4 6 4 3 3 3 6 4 4 3 3 6 5 5 4 3 5 5 4 4 3
27 8 3 3 3 2 1 2 2 1 1 1 3 1 1 1 1 2 2 2 2 2 3 3 4 4 2
27 9 0 255 0 1 2 0 255 0 1 2 0 0 1 2 3 1 0 0 1 3 1 0 255 0 2
27 10 2 1 1 1 3 2 2 2 2 3 4 3 3 3 4 4 3 3 2 1 3 3 1 255 0
27 11 4 3 2 255 0 3 2 1 0 1 3 2 2 2 1 3 3 3 2 1 2 3 4 3 1
27 12 1 1 255 255 255 1 1 0 0 0 0 255 255 255 0 255 254 253 254 0 0 254 253 254 1
27 13 255 255 255 1 2 1 1 1 0 1 2 3 3 2 2 2 3 5 7 6 2 4 6 7 8
27 14 4 4 1 1 2 3 4 4 3 4 3 4 4 5 6 6 5 5 5 5 7 6 5 6 7
27 15 1 0 2 4 4 2 1 1 2 3 4 3 1 1 1 6 4 2 1 2 7 5 5 5 6
27 16 3 2 2 1 1 2 2 2 1 0 2 3 2 1 1 4 4 3 3 3 8 7 6 6 6
27 17 1 2 2 1 2 0 1 1 1 2 0 1 3 3 5 3 4 6 8 10 6 7 9 11 12
27 18 2 2 1 255 254 3 3 3 2 3 6 6 7 6 7 11 11 9 8 7 13 12 10 7 4
27 19 1 8 18 28 30 6 13 22 31 35 8 13 19 26 29 6 6 8 11 13 0 253 252 253 254
27 20 24 9 248 241 248 31 19 5 0 8 28 24 18 17 22 13 17 23 25 23 254 5 18 22 15
27 21 5 18 23 21 18 18 25 27 23 22 25 26 23 20 21 19 14 9 7 12 6 255 252 253 4
27 22 17 13 6 255 249 22 19 11 1 250 25 24 16 4 251 22 27 20 7 250 15 19 13 0 245
27 23 250 255 4 4 5 250 255 3 4 7 249 252 0 4 11 245 249 255 6 16 242 248 2 10 20
27 24 8 16 27 23 1 13 22 27 17 247 20 26 23 7 240 27 28 15 251 234 31 26 4 240 232
27 25 238 232 237 244 250 230 232 240 247 252 227 234 244 249 253 230 238 247 250 254 235 243 249 252 255
27 26 254 255 0 0 254 1 4 3 1 253 4 8 6 2 254 4 7 5 1 253 3 4 3 0 254
27 27 252 251 253 2 3 251 252 254 1 1 251 252 254 255 255 252 253 254 0 0 253 253 254 0 1
27 28 0 254 1 7 11 0 0 3 7 8 0 1 4 7 8 1 3 4 6 9 3 2 2 4 9
27 29 10 5 1 0 0 7 3 255 0 255 6 1 255 0 2 8 1 254 2 7 10 3 255 5 9
27 30 254 253 0 3 1 253 253 1 3 0 0 0 3 5 1 5 4 6 8 4 7 3 6 8 6
27 31 254 250 242 230 226 253 250 242 231 225 253 249 242 231 226 253 248 240 231 226 255 248 239 232 228
27 32 240 8 33 44 31 238 5 32 45 34 235 2 30 47 37 231 252 29 49 39 230 247 27 50 39
27 33 9 247 237 237 246 12 249 238 236 243 15 252 239 236 242 15 251 240 239 246 13 249 240 243 251
27 34 2 11 10 7 5 0 10 8 4 4 254 8 8 3 4 1 9 8 4 3 4 9 7 4 3
28 0 243 5 30 27 10 241 0 20 20 8 240 250 10 15 9 242 248 4 13 13 246 249 0 11 15
28 1 252 247 247 251 255 252 246 248 252 254 254 246 248 253 254 2 248 248 254 254 6 250 249 253 253
28 2 0 0 255 0 4 255 255 0 2 6 253 254 0 3 3 252 253 1 2 1 252 254 0 1 0
28 3 8 11 13 10 1 7 9 11 10 3 3 5 12 15 6 255 3 12 19 11 254 0 11 20 13
28 4 248 244 243 243 248 249 243 241 242 249 250 241 239 241 248 251 241 237 239 247 255 244 238 239 247
28 5 5 17 16 9 2 8 20 17 6 1 8 18 14 3 1 6 15 10 1 1 4 14 10 2 3
28 6 254 249 247 250 2 254 249 245 249 1 2 251 243 247 1 4 253 243 246 0 6 0 246 248 0
28 7 4 4 4 4 4 5 5 5 4 4 6 6 5 4 3 6 6 5 4 4 3 5 5 6 5
28 8 4 5 5 4 3 4 5 6 5 3 3 5 8 6 4 3 5 7 7 4 4 4 5 5 3
28 9 1 255 0 1 1 0 255 255 1 2 1 254 0 1 1 1 255 0 1 1 2 0 0 1 1
28 10 2 1 1 255 255 1 0 0 255 0 255 0 0 1 1 0 0 0 1 2 1 1 2 3 4
28 11 0 3 3 3 2 0 1 2 4 3 1 1 2 4 3 2 3 2 2 3 3 2 0 0 2
28 12 0 254 254 255 2 2 0 255 1 5 3 2 1 3 6 4 3 3 4 7 5 5 4 6 7
28 13 5 7 6 4 2 8 9 3 251 244 10 9 255 239 228 9 7 251 235 224 8 4 252 242 237
28 14 1 3 6 9 10 243 247 253 2 5 225 228 235 242 244 221 224 228 230 231 238 239 239 237 235
28 15 10 10 10 11 11 6 7 9 10 11 248 252 255 255 0 235 239 241 243 244 234 235 235 236 238
28 16 11 11 9 8 7 10 8 7 6 4 0 255 252 253 254 246 245 245 245 247 242 243 243 245 246
28 17 8 9 9 8 9 4 4 2 0 255 253 250 246 244 243 246 242 238 237 236 246 243 240 239 237
28 18 9 9 6 3 0 0 255 253 250 248 242 241 239 238 237 234 231 228 227 228 235 231 227 225 227
28 19 252 246 246 248 249 245 241 242 246 248 236 236 238 243 246 230 232 234 238 241 228 229 231 235 237
28 20 248 252 5 9 4 246 248 251 251 247 245 246 247 244 233 242 243 244 239 228 238 239 240 238 236
28 21 253 246 244 248 254 240 234 234 241 248 222 216 219 229 238 218 213 216 225 234 233 231 232 236 245
28 22 4 3 249 240 235 248 243 233 227 231 240 236 230 229 238 240 241 238 240 250 252 254 251 252 4
28 23 240 252 9 18 25 243 2 16 26 30 251 8 22 33 32 5 15 27 37 31 14 23 31 36 22
28 24 30 19 249 230 232 26 9 240 227 234 18 253 234 229 238 7 241 232 233 242 250 230 230 239 245
28 25 241 247 251 254 1 245 249 252 1 3 247 249 252 2 5 248 251 254 4 6 249 252 0 6 6
28 26 1 1 1 0 255 2 255 255 255 255 3 255 254 254 255 3 255 252 252 255 2 253 251 252 255
28 27 253 253 254 0 3 254 252 253 2 5 255 253 254 4 7 0 254 0 6 8 0 0 3 8 8
28 28 3 1 255 1 7 3 0 254 255 4 3 255 255 1 2 1 253 1 5 2 254 249 0 8 6
28 29 9 5 2 7 10 6 4 5 9 9 1 2 4 9 9 255 0 5 10 9 1 0 4 9 9
28 30 5 255 2 6 6 1 250 252 3 6 255 247 248 255 7 254 245 245 254 9 253 243 243 254 13
28 31 1 248 239 232 228 3 250 240 234 229 8 253 242 236 231 12 1 242 237 231 17 3 243 237 233
28 32 228 245 24 49 37 227 241 21 46 34 226 237 17 42 33 225 234 11 37 33 226 232 6 32 32
28 33 9 246 239 244 254 7 246 241 246 255 10 251 246 250 0 14 1 252 253 2 17 5 254 0 4
28 34 6 9 9 5 2 6 9 8 5 2 4 7 7 4 3 4 5 4 3 2 5 4 4 3 2
29 0 249 250 1 10 16 248 250 2 10 13 248 251 2 8 9 249 252 0 4 7 252 252 255 2 5
29 1 8 254 250 252 254 7 254 250 251 255 6 0 251 250 254 6 2 252 249 252 7 4 255 250 251
29 2 0 0 1 1 0 3 4 4 3 2 4 6 6 4 2 1 4 4 2 1 253 0 2 1 0
29 3 253 254 8 17 14 253 252 4 12 12 254 253 1 8 10 255 254 2 7 10 255 0 2 7 10
29 4 2 247 239 241 248 4 248 241 242 249 5 250 242 242 251 6 252 243 242 250 7 254 244 242 248
29 5 4 13 10 2 2 6 13 9 0 0 7 13 8 255 254 5 11 6 254 0 2 8 4 255 2
29 6 5 0 249 249 255 4 0 250 251 0 2 0 251 251 255 5 1 250 248 251 7 2 248 245 248
29 7 2 2 5 7 6 3 3 5 6 6 2 3 5 5 6 255 2 6 6 6 253 2 6 7 7
29 8 5 4 3 3 3 5 5 4 4 3 5 4 3 3 3 4 4 3 2 2 4 3 3 2 2
29 9 1 1 0 1 1 2 0 0 1 1 1 0 1 2 1 1 1 1 2 1 2 2 2 2 1
29 10 1 2 2 4 5 1 1 2 3 3 0 0 1 2 1 0 0 1 1 1 0 0 1 1 1
29 11 4 1 0 255 1 2 0 255 0 2 1 1 1 1 2 0 0 1 1 3 0 255 255 1 3
29 12 5 6 5 5 7 5 5 5 5 6 4 5 5 5 4 4 5 4 3 3 4 4 3 3 3
29 13 6 2 254 253 255 5 4 3 4 5 5 6 7 8 6 4 7 10 9 7 5 8 9 9 6
29 14 2 2 0 251 246 7 7 6 4 3 4 5 5 7 9 4 3 3 4 5 3 1 1 1 0
29 15 243 241 240 239 241 1 1 254 253 252 10 10 10 8 7 6 8 9 9 8 0 1 2 4 5
29 16 244 247 248 251 252 254 255 1 3 4 5 4 4 6 8 7 4 3 3 6 4 2 1 1 2
29 17 251 250 247 247 246 4 3 1 0 2 9 8 7 7 11 7 6 7 9 14 2 1 4 7 12
29 18 244 241 237 236 237 4 3 1 0 1 16 19 19 20 21 19 24 26 29 32 15 19 22 27 30
29 19 237 237 238 240 243 0 255 1 4 8 20 17 18 22 28 30 25 24 27 32 28 23 19 20 24
29 20 244 246 247 250 253 11 13 16 17 17 32 36 39 36 28 37 42 45 39 26 27 33 36 30 15
29 21 254 252 250 251 255 12 4 255 255 3 16 3 254 254 2 10 255 250 252 1 1 250 248 251 2
29 22 6 9 6 6 11 8 10 10 12 15 6 9 13 15 18 7 10 14 17 22 8 13 15 19 25
29 23 21 30 34 28 9 23 33 31 14 248 25 32 24 0 235 26 26 13 243 227 25 16 254 234 227
29 24 239 225 233 244 249 231 228 238 248 252 229 234 244 250 253 231 240 247 251 254 235 245 248 250 255
29 25 251 255 3 6 5 252 0 4 5 3 255 3 4 4 1 1 4 6 4 0 3 6 6 3 0
29 26 0 252 251 252 255 255 253 251 252 255 254 253 252 253 0 253 251 251 253 1 252 249 250 253 1
29 27 1 3 6 9 5 2 4 7 6 2 2 5 5 1 252 4 5 2 252 248 5 5 0 248 244
29 28 251 248 1 9 8 250 249 3 10 6 249 252 7 12 5 248 255 9 13 4 246 0 13 16 6
29 29 2 1 4 9 9 0 0 5 10 10 254 0 6 10 8 254 1 7 8 4 254 3 10 8 0
29 30 254 243 243 255 15 255 245 243 254 14 255 247 245 254 14 251 245 246 0 14 249 244 248 2 15
29 31 20 6 243 237 234 20 5 244 238 235 20 6 245 239 235 20 7 246 239 234 18 6 248 240 234
29 32 226 231 1 27 30 226 228 253 22 29 226 228 250 19 30 226 228 249 18 32 227 229 248 17 32
29 33 19 7 255 0 5 23 9 255 1 5 25 11 255 0 4 29 13 255 255 4 31 15 255 255 4
29 34 6 4 3 3 1 5 3 2 1 2 5 2 1 1 1 4 1 0 1 2 4 2 0 0 1
30 0 253 252 252 255 2 253 252 253 255 1 253 254 0 1 1 254 0 2 4 2 255 2 5 6 4
30 1 5 5 2 253 251 3 4 3 1 252 2 2 2 2 254 1 255 0 2 2 1 254 254 0 4
30 2 251 254 2 3 1 250 253 1 3 3 252 252 255 2 4 0 254 254 1 4 5 2 254 0 3
30 3 0 0 3 6 10 1 255 1 6 9 1 254 1 6 9 2 254 1 5 10 3 2 2 4 8
30 4 8 0 246 242 247 9 0 247 242 246 8 0 247 243 247 9 1 249 244 247 9 6 253 247 246
30 5 254 5 3 0 4 255 6 5 1 5 2 11 9 4 5 4 13 12 5 5 0 10 9 4 6
30 6 8 2 247 244 249 7 0 246 245 251 6 0 247 245 249 6 1 249 246 247 9 3 251 246 247
30 7 255 4 6 7 6 0 4 5 6 5 255 3 6 8 7 251 0 5 7 7 250 253 1 5 7
30 8 4 5 4 3 2 5 5 5 4 2 5 4 4 4 2 5 3 2 2 2 6 4 1 0 1
30 9 1 1 1 1 0 1 0 1 1 0 2 0 1 2 1 2 2 1 2 3 1 2 2 3 3
30 10 255 0 1 1 1 0 0 1 1 2 1 1 1 2 2 2 2 1 2 2 1 1 0 1 2
30 11 0 254 253 254 1 0 254 252 253 255 1 255 254 254 255 2 2 1 0 1 3 3 2 1 2
30 12 2 3 3 2 4 1 2 2 3 3 1 2 2 1 1 2 2 1 0 255 3 2 1 0 0
30 13 6 8 9 7 5 5 7 6 5 4 3 4 4 4 4 0 2 3 4 5 0 1 1 4 5
30 14 4 3 2 2 0 3 3 3 2 2 4 3 2 1 2 5 3 1 0 1 4 3 2 2 2
30 15 255 254 255 0 1 1 255 253 254 254 1 1 255 254 253 2 2 1 255 254 2 2 1 0 0
30 16 2 3 3 3 2 0 2 4 5 4 254 255 0 2 2 254 254 254 254 254 0 0 254 253 252
30 17 1 255 0 5 8 1 255 255 2 4 1 255 255 0 1 255 254 253 253 255 252 251 250 250 251
30 18 9 9 11 14 16 4 3 2 2 3 3 2 255 255 1 2 1 255 255 2 253 253 251 252 254
30 19 14 11 7 4 5 3 1 255 250 248 3 2 0 252 251 3 2 0 255 253 255 251 249 248 247
30 20 7 12 17 14 3 249 252 0 255 249 249 248 248 246 245 251 247 244 244 248 244 243 245 250 0
30 21 250 247 249 255 5 246 249 253 4 9 247 253 2 7 10 253 3 7 8 11 5 8 8 8 12
30 22 11 14 15 20 27 13 15 17 22 27 14 16 21 24 21 15 19 23 20 12 18 22 19 11 0
30 23 21 3 239 229 231 16 247 229 230 238 7 239 227 234 245 253 237 231 239 249 245 237 235 242 249
30 24 241 248 250 251 0 247 251 250 252 1 252 253 251 253 2 254 254 253 254 3 252 253 253 255 2
30 25 4 5 3 0 254 5 3 1 255 254 6 3 1 1 0 6 3 0 2 3 3 0 255 2 5
30 26 251 250 249 252 2 253 251 251 253 2 255 254 254 0 3 1 255 255 2 3 2 0 0 1 2
30 27 7 7 1 247 242 7 8 2 248 242 6 6 1 248 244 3 3 0 249 245 3 3 0 248 245
30 28 246 1 15 18 6 246 3 16 17 3 248 2 14 14 0 250 4 13 11 254 253 6 12 10 254
30 29 254 4 11 8 1 252 3 13 10 2 247 1 12 10 4 246 0 9 8 3 249 255 8 7 3
30 30 251 247 249 0 12 254 251 249 254 9 1 254 250 252 8 3 255 248 249 7 3 255 247 247 6
30 31 16 7 249 241 235 16 7 250 243 236 16 7 251 244 237 17 9 251 244 237 17 10 252 243 235
30 32 227 229 246 14 30 228 228 245 12 29 228 227 245 13 30 227 226 244 13 30 226 226 241 10 28
30 33 31 16 1 0 4 31 17 3 1 5 32 20 6 2 4 33 21 7 2 3 33 20 4 0 3
30 34 5 3 1 0 0 6 3 1 255 255 5 4 2 0 1 4 3 1 0 1 4 3 1 0 1
31 0 255 1 6 6 4 252 255 3 5 3 251 253 1 4 3 253 255 2 4 4 254 0 3 5 4
31 1 1 254 253 255 4 1 254 254 255 3 1 254 255 1 0 2 255 255 0 255 2 0 255 0 255
31 2 8 6 2 0 2 5 6 5 3 1 0 5 8 5 0 255 2 6 4 1 254 0 2 3 2
31 3 3 4 2 2 5 2 2 2 0 3 0 1 0 1 2 255 255 0 0 1 1 0 0 1 2
31 4 9 7 0 248 244 6 4 255 248 246 3 2 0 251 248 2 3 3 254 250 4 6 7 1 250
31 5 252 5 6 3 7 252 4 4 2 7 252 3 3 2 6 251 0 1 0 4 250 252 254 255 1
31 6 11 6 252 248 248 11 7 254 249 248 10 7 255 249 247 8 7 2 250 245 5 7 4 252 245
31 7 250 252 255 1 4 251 255 0 1 2 250 0 3 2 2 249 2 5 4 3 248 1 4 3 3
31 8 6 5 3 1 0 5 6 6 4 1 3 6 7 5 3 3 3 3 4 4 3 2 1 2 5
31 9 1 1 2 2 2 0 1 0 0 1 1 0 255 254 255 4 1 0 255 0 5 4 2 1 1
31 10 2 0 255 1 2 1 0 255 0 1 1 1 0 255 1 2 2 1 1 1 2 3 3 2 2
31 11 3 3 2 2 2 2 3 2 0 0 2 2 1 0 255 2 2 2 0 0 2 3 1 1 1
31 12 1 1 0 0 2 0 0 0 1 1 255 0 0 1 2 0 0 0 0 1 2 1 0 1 2
31 13 1 0 1 3 4 2 1 1 3 3 1 2 2 3 3 2 1 1 1 1 2 0 0 1 0
31 14 4 2 3 2 2 3 2 2 1 0 2 1 1 0 255 1 0 255 0 255 0 0 255 255 0
31 15 1 2 1 0 1 0 1 0 255 255 255 1 0 255 254 255 0 255 254 254 0 255 254 254 254
31 16 2 2 255 254 252 1 1 255 253 252 255 255 253 253 254 254 253 252 254 0 255 254 252 254 1
31 17 249 248 248 247 247 251 250 247 246 244 254 252 251 249 245 1 0 255 253 252 4 3 3 2 3
31 18 247 246 246 247 249 242 241 241 241 243 243 240 241 241 242 249 249 250 250 251 3 4 4 4 5
31 19 247 244 241 241 241 242 241 240 241 243 242 244 245 248 251 252 253 255 1 4 5 5 6 8 9
31 20 240 242 249 1 8 246 251 2 8 10 0 4 9 10 9 6 9 10 9 4 8 8 7 5 1
31 21 10 9 7 8 14 9 6 5 9 17 4 1 3 13 23 1 0 7 19 25 255 2 12 26 25
31 22 22 22 10 254 248 26 18 253 241 245 25 11 241 233 246 17 254 233 231 248 5 240 231 236 253
31 23 243 239 240 245 250 248 243 242 247 252 254 248 243 248 253 2 252 246 248 252 5 255 248 248 252
31 24 250 251 254 0 1 252 252 253 255 0 253 253 253 255 1 254 254 254 255 2 254 255 255 0 3
31 25 0 253 254 3 6 0 255 0 2 5 2 1 0 1 5 4 2 0 0 3 3 3 1 0 2
31 26 5 2 0 0 1 8 7 3 255 255 9 10 4 255 253 7 7 3 254 253 4 4 1 253 252
31 27 2 3 0 247 245 1 3 0 246 244 0 2 0 246 243 255 2 254 245 242 255 1 253 245 241
31 28 254 10 15 10 1 0 12 17 12 0 254 13 19 14 0 252 10 19 15 1 251 8 18 15 2
31 29 251 1 7 6 4 250 1 9 9 5 249 2 11 11 6 249 1 11 10 4 250 0 7 8 3
31 30 1 253 246 247 6 0 251 246 249 6 254 249 247 251 6 253 248 246 250 5 253 250 247 251 6
31 31 17 11 254 244 236 14 9 254 247 240 13 8 255 250 243 12 9 2 251 241 13 11 2 249 238
31 32 226 225 239 6 26 229 226 237 5 28 231 226 237 4 29 229 224 234 1 28 228 223 232 253 25
31 33 34 20 3 255 2 36 22 4 0 3 40 25 5 1 4 40 25 5 2 5 40 25 7 3 5
31 34 4 3 0 255 1 4 2 254 253 1 4 1 253 252 1 3 255 252 252 1 2 254 251 253 1
32 0 252 255 2 4 3 250 253 2 4 2 251 254 3 5 3 252 255 5 6 4 251 255 5 7 4
32 1 1 0 1 2 255 0 0 2 3 1 1 0 3 5 2 1 0 3 6 3 0 253 1 5 5
32 2 253 254 0 2 4 253 251 254 0 3 253 251 252 254 1 253 251 251 253 255 0 253 252 252 255
32 3 3 1 0 1 1 3 2 1 0 2 3 4 2 0 1 2 4 2 255 1 1 2 2 0 0
32 4 4 6 6 2 251 4 6 6 1 251 4 8 7 2 252 3 7 7 4 253 2 5 6 4 0
32 5 249 250 253 1 2 248 249 254 3 2 248 248 255 4 2 249 250 254 2 3 252 251 254 2 2
32 6 2 5 5 255 246 0 2 6 0 248 0 2 6 0 249 1 2 4 1 250 1 3 3 1 252
32 7 247 254 0 255 0 247 252 253 253 254 247 251 255 0 254 248 251 2 6 1 248 250 4 11 5
32 8 3 4 4 5 5 0 3 6 6 6 251 253 2 5 6 247 246 251 2 6 248 243 245 252 2
32 9 6 6 5 3 4 6 7 7 5 4 7 7 6 6 5 7 7 7 6 6 5 5 5 6 6
32 10 3 3 2 4 4 3 2 2 3 6 5 3 2 3 5 5 4 3 3 4 5 3 3 3 4
32 11 4 3 2 0 1 7 4 3 1 2 7 5 4 3 2 6 6 6 5 4 5 5 6 6 5
32 12 3 2 1 1 3 2 2 1 1 3 3 3 2 2 3 4 2 2 2 2 4 2 2 1 1
32 13 2 1 255 0 0 3 0 255 1 1 2 0 0 1 1 1 1 1 1 1 2 3 2 1 1
32 14 0 0 0 0 0 1 0 1 1 0 1 1 1 1 0 2 1 1 0 0 3 3 1 0 0
32 15 0 255 254 254 255 0 0 0 0 0 255 1 2 3 4 0 1 3 6 6 0 2 3 5 8
32 16 0 255 253 254 1 2 1 254 255 1 4 2 255 254 254 6 3 1 255 254 8 7 3 0 255
32 17 3 4 4 5 7 3 3 5 7 9 0 4 7 9 8 255 4 7 8 8 0 2 4 6 7
32 18 9 10 10 9 8 10 12 12 10 7 10 11 13 12 7 8 9 11 10 8 8 6 5 5 6
32 19 6 6 6 6 7 4 3 4 2 3 4 1 0 1 2 4 1 0 1 2 4 2 1 3 4
32 20 7 7 5 3 2 5 6 4 3 2 3 4 5 4 3 3 4 4 4 4 5 4 3 2 7
32 21 1 7 19 30 20 5 13 24 29 12 10 21 29 23 0 13 27 29 13 243 19 32 29 4 233
32 22 248 228 231 244 1 235 220 234 252 4 226 218 237 0 4 221 221 242 2 4 219 227 251 8 4
32 23 3 253 247 249 252 2 251 247 250 254 0 251 249 251 255 254 250 250 253 255 252 250 251 254 0
32 24 254 255 255 254 255 0 0 255 254 254 0 255 254 254 255 255 255 255 0 3 255 253 254 1 6
32 25 1 3 2 2 2 255 3 5 3 3 1 4 5 5 5 5 5 5 6 5 7 4 3 6 5
32 26 4 4 1 253 252 5 4 0 253 253 5 3 255 255 0 3 0 0 2 3 0 253 2 7 7
32 27 254 255 251 242 241 255 255 250 241 241 1 254 249 241 243 2 253 247 242 245 2 252 247 242 247
32 28 253 12 19 15 1 255 14 20 14 0 0 15 20 13 255 1 15 20 12 255 5 17 21 15 0
32 29 248 254 6 6 3 247 253 5 7 3 248 255 7 7 3 248 1 10 8 2 249 0 10 9 2
32 30 0 253 251 253 6 1 0 254 1 7 255 253 254 1 8 253 251 252 2 8 251 248 251 1 6
32 31 12 9 1 248 237 12 8 0 248 240 11 7 255 250 243 11 5 255 252 248 7 1 253 0 251
32 32 228 225 230 250 23 233 228 231 248 22 234 227 230 247 22 234 224 228 248 23 234 220 225 249 24
32 33 40 28 9 5 7 41 30 12 8 8 42 31 12 8 8 42 30 11 7 8 41 28 9 6 7
32 34 1 251 251 254 2 1 249 250 255 3 0 249 250 0 4 0 249 250 0 4 0 249 250 1 5
33 0 251 255 4 6 4 251 254 4 6 4 250 255 6 7 3 250 255 8 9 4 249 255 9 10 5
33 1 254 251 254 4 4 254 251 253 2 4 255 252 252 0 4 0 252 253 255 4 0 253 254 0 4
33 2 2 255 253 254 255 5 1 253 254 0 7 3 253 253 255 7 4 254 252 254 7 4 255 253 253
33 3 255 1 1 2 2 255 255 0 2 4 255 255 0 2 4 255 255 255 0 2 255 0 255 254 0
33 4 1 2 3 3 2 3 2 1 1 2 4 3 1 0 0 5 4 2 1 0 4 4 3 2 0
33 5 255 253 255 1 2 0 255 0 1 1 0 0 1 1 1 255 255 255 0 1 255 255 255 254 0
33 6 1 1 3 1 255 0 255 1 2 2 0 0 255 3 4 2 0 255 4 6 2 1 0 3 6
33 7 250 250 3 12 8 252 249 0 11 12 0 250 255 8 11 1 249 252 5 9 0 248 251 2 7
33 8 253 243 241 246 253 2 247 240 241 247 6 252 242 240 242 8 1 247 242 240 9 4 254 247 243
33 9 0 1 3 5 6 250 252 255 3 5 244 247 251 255 3 241 242 247 251 255 240 241 243 247 250
33 10 4 3 3 3 3 4 3 2 3 3 5 3 3 3 3 2 2 2 1 4 254 0 255 1 3
33 11 4 5 6 7 7 4 6 6 7 5 5 7 8 6 5 7 10 10 9 8 6 10 12 12 11
33 12 4 3 2 1 1 4 4 3 3 2 5 5 5 5 4 9 8 7 6 6 10 9 7 8 9
33 13 2 4 2 1 2 2 2 2 2 3 4 3 3 3 5 7 6 5 5 5 10 10 8 6 5
33 14 4 4 2 1 1 5 5 3 2 1 5 5 3 2 2 6 6 6 4 3 7 7 7 5 3
33 15 1 2 2 4 7 2 3 3 3 6 2 4 4 3 4 2 3 2 1 2 2 2 1 0 255
33 16 10 9 6 3 1 9 11 10 8 5 7 11 12 10 6 4 8 10 9 6 1 5 7 6 4
33 17 0 0 2 4 6 2 1 1 3 4 3 2 2 3 3 2 2 4 5 5 3 4 5 7 7
33 18 7 3 0 255 4 4 1 254 255 2 2 0 255 0 2 3 1 0 1 4 4 2 2 2 5
33 19 5 4 4 6 7 6 7 9 10 10 6 9 11 13 11 6 10 11 11 9 7 9 10 10 6
33 20 7 4 1 1 9 7 2 255 3 14 6 0 254 6 17 4 255 0 7 19 3 1 2 8 19
33 21 23 32 23 251 227 25 29 15 242 223 27 23 6 236 221 25 18 255 232 222 22 14 252 230 223
33 22 221 235 2 13 5 225 241 4 12 2 228 245 5 8 0 231 248 4 4 254 234 249 3 3 254
33 23 251 248 252 255 0 250 250 254 1 1 250 252 1 2 0 250 255 3 3 0 252 0 5 4 1
33 24 254 252 254 2 5 255 253 255 1 3 255 253 254 255 0 255 255 255 255 255 0 255 255 254 254
33 25 6 3 1 4 3 4 4 4 5 1 2 6 8 5 255 3 8 10 5 253 2 10 11 4 253
33 26 252 251 3 10 7 250 249 3 10 5 249 249 1 6 3 250 250 0 3 0 251 254 255 0 0
33 27 1 250 246 244 248 255 249 246 243 246 253 250 246 243 246 253 250 247 243 247 254 252 248 245 249
33 28 6 18 23 16 0 4 17 23 16 0 3 17 22 15 0 6 18 21 13 253 8 20 21 11 253
33 29 248 255 10 9 2 248 0 9 8 1 248 1 9 5 255 248 1 9 4 252 247 0 7 3 252
33 30 252 249 252 2 5 252 251 255 3 4 252 254 2 5 4 251 254 2 5 3 251 254 2 4 3
33 31 3 254 252 2 255 1 252 253 3 0 0 253 253 3 0 0 252 254 4 1 255 252 254 4 1
33 32 234 217 223 249 24 236 217 221 246 24 237 219 220 243 23 237 219 220 242 23 237 219 220 243 24
33 33 41 28 9 5 6 43 30 10 5 5 46 33 12 6 6 46 33 12 8 8 45 32 11 7 10
33 34 255 249 250 0 4 255 249 250 255 5 1 251 251 0 6 3 253 254 3 7 5 255 0 4 7
34 0 249 255 8 8 5 249 254 7 9 4 248 0 11 11 5 248 0 13 13 6 246 255 12 13 5
34 1 0 253 255 2 4 255 252 254 3 4 255 252 253 1 3 255 252 252 255 1 255 252 252 255 255
34 2 5 3 0 254 253 3 3 2 0 254 4 5 4 1 254 4 6 5 2 254 0 4 6 3 254
34 3 255 2 0 254 255 0 2 1 254 254 255 1 0 254 253 255 1 0 254 253 254 1 1 0 255
34 4 1 3 5 3 1 0 2 4 4 2 254 0 2 2 2 255 255 0 0 1 254 254 255 255 255
34 5 1 2 0 253 254 3 5 2 253 252 3 6 3 0 254 2 4 4 1 1 1 3 4 3 2
34 6 255 0 0 3 3 254 255 2 3 2 255 1 4 5 3 1 3 6 7 6 1 2 4 4 4
34 7 253 248 250 2 7 252 248 250 1 7 254 250 250 255 5 1 253 250 252 1 2 254 250 248 252
34 8 10 8 3 252 246 11 11 8 0 250 10 11 9 5 255 7 10 10 9 5 1 6 11 14 13
34 9 242 242 242 242 244 246 245 243 242 241 251 249 247 244 242 1 253 251 250 249 8 2 0 0 1
34 10 247 250 252 254 1 242 245 248 250 251 240 240 241 241 241 246 244 243 242 241 3 3 5 3 1
34 11 5 9 12 10 9 254 2 2 1 255 241 242 241 239 237 239 236 234 232 232 254 252 252 253 254
34 12 8 7 8 9 10 253 254 1 4 4 236 238 241 244 246 232 233 236 238 239 254 254 254 254 255
34 13 10 10 8 5 4 4 4 2 0 1 245 246 246 248 250 239 239 241 245 248 252 250 249 252 254
34 14 6 7 6 5 3 2 2 2 2 3 251 252 252 254 0 248 249 249 251 252 255 254 252 253 254
34 15 2 3 2 1 0 3 2 0 0 1 0 0 255 254 254 254 254 254 253 253 255 255 254 254 0
34 16 1 2 2 3 5 1 0 254 0 3 0 255 252 251 253 0 255 251 249 250 2 2 255 253 253
34 17 4 4 5 7 8 4 5 5 6 6 0 3 4 3 3 253 1 3 2 2 254 0 2 3 4
34 18 6 4 2 2 5 6 3 0 255 1 2 0 252 250 251 0 254 250 248 248 3 0 254 253 254
34 19 7 7 7 7 6 3 3 3 4 5 252 253 255 1 1 250 253 254 255 253 1 2 2 0 252
34 20 4 3 4 10 18 3 3 5 10 18 0 255 1 8 16 251 252 255 7 15 251 253 3 11 18
34 21 22 15 254 233 226 20 14 255 235 229 17 10 252 235 231 16 6 247 234 233 16 3 244 234 234
34 22 237 251 4 4 255 239 252 3 3 1 241 252 0 2 0 243 251 254 255 0 242 250 253 255 1
34 23 254 2 4 3 1 0 2 3 2 1 0 0 1 0 1 0 0 255 255 255 3 3 1 0 0
34 24 0 1 0 255 253 1 1 1 255 253 1 2 1 255 254 1 2 0 254 254 2 3 0 253 253
34 25 1 10 12 5 254 0 11 13 5 254 1 11 12 3 252 2 9 9 2 251 0 7 8 3 253
34 26 254 1 0 255 255 0 3 1 255 255 255 3 2 255 254 253 2 2 0 253 254 0 255 255 252
34 27 255 252 247 245 250 255 252 248 246 251 253 251 249 248 252 251 251 250 249 252 251 252 252 248 250
34 28 9 20 19 10 254 8 19 19 10 0 8 18 19 12 1 7 17 18 12 2 4 14 17 13 3
34 29 249 0 6 2 253 252 0 4 2 254 252 255 3 2 255 253 0 3 1 253 253 2 5 3 254
34 30 252 255 3 6 5 254 0 4 7 7 254 255 5 8 9 252 254 4 8 10 252 254 2 7 9
34 31 2 254 255 5 2 3 255 255 6 2 5 255 255 6 3 6 254 252 3 1 5 253 249 0 0
34 32 236 217 220 245 23 235 216 220 246 23 236 216 224 250 26 237 220 228 254 27 238 224 231 255 29
34 33 43 29 9 6 9 42 28 9 5 9 41 28 8 6 9 42 28 10 6 8 43 29 10 5 5
34 34 5 0 0 2 4 6 1 254 255 1 5 255 251 250 253 3 251 246 245 248 254 244 242 243 244
