32 16 36
.9 .8 .7 .6 .9 .4 .3 .2 .1 .1 .2 .3 .4 .8 .8 .7 .6 .9 .4 .3 .2 .1 .5 .2 .3 .4 .85 .8 .7 .6 .9 .4 .3 .2 .1 .1 .2 .3 .4 .75 .8 .7 .6 .9 .4 .3 .2 .1 .1 .2 .3 .4
.9 .8 .7 .6 .9 .4 .3 .2 .1 .1 .2 .3 .4 .8 .8 .7 .6 .9 .4 .3 .2 .1 .16 .2 .3 .4 .85 .8 .7 .6 .9 .4 .3 .2 .1 .1 .2 .3 .4 .75 .8 .7 .6 .9 .4 .3 .2 .1 .1 .2 .3 .4
.9 .8 .7 .6 .9 .4 .3 .2 .1 .1 .2 .3 .4 .8 .8 .7 .6 .9 .4 .3 .2 .1 .17 .2 .3 .4 .85 .8 .7 .6 .9 .4 .3 .2 .1 .1 .2 .3 .4 .75 .8 .7 .6 .9 .4 .3 .2 .1 .1 .2 .3 .4
.9 .8 .7 .6 .9 .4 .3 .2 .1 .1 .2 .3 .4 .8 .8 .7 .6 .9 .4 .3 .2 .1 .12 .2 .3 .4 .85 .8 .7 .6 .9 .4 .3 .2 .1 .1 .2 .3 .4 .75 .8 .7 .6 .9 .4 .3 .2 .1 .1 .2 .3 .4
.9 .8 .7 .6 .9 .4 .3 .2 .1 .1 .2 .3 .4 .8 .8 .7 .6 .9 .4 .3 .2 .1 .41 .2 .3 .4 .85 .8 .7 .6 .9 .4 .3 .2 .1 .1 .2 .3 .4 .75 .8 .7 .6 .9 .4 .3 .2 .1 .1 .2 .3 .4
.9 .8 .7 .6 .9 .4 .3 .2 .1 .1 .2 .3 .4 .8 .8 .7 .6 .9 .4 .3 .2 .1 .51 .2 .3 .4 .85 .8 .7 .6 .9 .4 .3 .2 .1 .1 .2 .3 .4 .75 .8 .7 .6 .9 .4 .3 .2 .1 .1 .2 .3 .4
.9 .8 .7 .6 .9 .4 .3 .2 .1 .1 .2 .3 .4 .8 .8 .7 .6 .9 .4 .3 .2 .1 .1 .2 .3 .4 .85 .8 .7 .6 .9 .4 .3 .2 .1 .1 .2 .3 .4 .75 .8 .7 .6 .9 .4 .3 .2 .1 .1 .2 .3 .4
.9 .8 .7 .6 .9 .2 .3 .2 .1 .1 .2 .3 .4 .8 .8 .7 .6 .9 .4 .3 .2 .1 .71 .2 .3 .4 .85 .8 .7 .6 .9 .4 .3 .2 .1 .1 .2 .3 .4 .75 .8 .7 .6 .9 .4 .3 .2 .1 .1 .2 .3 .4
.9 .8 .7 .6 .9 .4 .3 .2 .1 .1 .2 .3 .4 .8 .8 .7 .6 .9 .4 .3 .2 .1 .34 .2 .3 .4 .85 .8 .7 .6 .9 .4 .3 .2 .1 .1 .2 .3 .4 .75 .8 .7 .6 .9 .4 .3 .2 .1 .1 .2 .3 .4
.9 .8 .7 .6 .9 .4 .3 .2 .1 .1 .2 .3 .4 .8 .8 .7 .6 .9 .4 .3 .2 .1 .1 .2 .3 .4 .85 .8 .7 .6 .9 .4 .3 .2 .1 .1 .2 .3 .4 .75 .8 .7 .6 .9 .4 .3 .2 .1 .1 .2 .3 .4
.9 .8 .7 .6 .9 .4 .3 .2 .1 .1 .2 .3 .4 .8 .8 .7 .6 .9 .4 .3 .2 .1 .23 .2 .3 .4 .85 .8 .7 .6 .9 .4 .3 .2 .1 .1 .2 .3 .4 .75 .8 .7 .6 .9 .4 .3 .2 .1 .1 .2 .3 .4
.9 .8 .7 .6 .9 .2 .3 .2 .1 .1 .2 .3 .4 .8 .8 .7 .6 .9 .4 .3 .2 .1 .12 .2 .3 .4 .85 .8 .7 .6 .9 .4 .3 .2 .1 .1 .2 .3 .4 .75 .8 .7 .6 .9 .4 .3 .2 .1 .1 .2 .3 .4
.9 .8 .7 .6 .9 .4 .3 .2 .1 .1 .2 .3 .4 .8 .8 .7 .6 .9 .4 .3 .2 .1 .54 .2 .3 .4 .85 .8 .7 .6 .9 .4 .3 .2 .1 .1 .2 .3 .4 .75 .8 .7 .6 .9 .4 .3 .2 .1 .1 .2 .3 .4
.9 .8 .7 .6 .9 .4 .3 .2 .1 .1 .2 .3 .4 .8 .8 .7 .6 .9 .4 .3 .2 .65 .1 .2 .3 .4 .85 .8 .7 .6 .9 .4 .3 .2 .1 .1 .2 .3 .4 .75 .8 .7 .6 .9 .4 .3 .2 .1 .1 .2 .3 .4
.9 .8 .7 .6 .9 .4 .3 .2 .1 .1 .2 .3 .4 .8 .8 .7 .6 .9 .4 .3 .2 .67 .1 .2 .3 .4 .85 .8 .7 .6 .9 .4 .3 .2 .1 .1 .2 .3 .4 .75 .8 .7 .6 .9 .4 .3 .2 .1 .1 .2 .3 .4
.9 .8 .7 .6 .9 .4 .3 .2 .1 .1 .2 .3 .4 .8 .8 .7 .6 .9 .4 .3 .2 .33 .1 .2 .3 .4 .85 .8 .7 .6 .9 .4 .3 .2 .1 .1 .2 .3 .4 .75 .8 .7 .6 .9 .4 .3 .2 .1 .1 .2 .3 .4
.9 .8 .7 .6 .9 .4 .3 .2 .1 .1 .2 .3 .4 .8 .8 .7 .6 .9 .4 .3 .2 .2 .1 .2 .3 .4 .85 .8 .7 .6 .9 .4 .3 .2 .1 .1 .2 .3 .4 .75 .8 .7 .6 .9 .4 .3 .2 .1 .1 .2 .3 .4
.9 .8 .7 .6 .9 .4 .3 .2 .1 .1 .2 .3 .4 .8 .8 .7 .6 .9 .4 .3 .2 .44 .1 .2 .3 .4 .85 .8 .7 .6 .9 .4 .3 .2 .1 .1 .2 .3 .4 .75 .8 .7 .6 .9 .4 .3 .2 .1 .1 .2 .3 .4
.9 .8 .7 .6 .9 .4 .3 .2 .1 .1 .2 .3 .4 .8 .8 .7 .6 .9 .4 .3 .2 .11 .1 .2 .3 .4 .85 .8 .7 .6 .9 .4 .3 .2 .1 .1 .2 .3 .4 .75 .8 .7 .6 .9 .4 .3 .2 .1 .1 .2 .3 .4
.9 .8 .7 .6 .9 .4 .3 .2 .1 .1 .2 .3 .4 .8 .8 .7 .6 .9 .4 .3 .2 .98 .8 .2 .3 .4 .85 .8 .7 .6 .9 .4 .3 .2 .1 .1 .2 .3 .4 .75 .8 .7 .6 .9 .4 .3 .2 .1 .1 .2 .3 .4
.9 .8 .7 .6 .9 .6 .3 .2 .1 .1 .2 .3 .4 .8 .8 .7 .6 .9 .4 .3 .2 .34 .1 .2 .3 .4 .85 .8 .7 .6 .9 .4 .3 .2 .1 .1 .2 .3 .4 .75 .8 .7 .6 .9 .4 .3 .2 .1 .1 .2 .3 .4
.9 .8 .7 .6 .9 .4 .3 .2 .1 .1 .2 .3 .4 .8 .8 .7 .6 .9 .4 .3 .2 .7 .1 .2 .3 .4 .85 .8 .7 .6 .9 .4 .3 .2 .1 .1 .2 .3 .4 .75 .8 .7 .6 .9 .4 .3 .2 .1 .1 .2 .3 .4
.9 .8 .7 .6 .9 .4 .3 .2 .1 .1 .2 .3 .4 .8 .8 .7 .6 .9 .4 .3 .2 .1 .1 .2 .3 .4 .85 .8 .7 .6 .9 .4 .3 .2 .1 .1 .2 .3 .4 .75 .8 .7 .6 .9 .4 .3 .2 .1 .1 .2 .3 .4
.9 .8 .7 .6 .9 .4 .3 .2 .1 .1 .2 .3 .4 .8 .8 .7 .6 .9 .4 .3 .8 .1 .1 .2 .3 .4 .85 .8 .7 .6 .9 .4 .3 .2 .1 .1 .2 .3 .4 .75 .8 .7 .6 .9 .4 .3 .2 .1 .1 .2 .3 .4
.9 .8 .7 .6 .9 .4 .3 .2 .1 .1 .2 .3 .4 .8 .8 .7 .6 .9 .4 .3 .29 .1 .1 .2 .3 .4 .85 .8 .7 .6 .9 .4 .3 .2 .1 .1 .2 .3 .4 .75 .8 .7 .6 .9 .4 .3 .2 .1 .1 .2 .3 .4
.9 .8 .7 .6 .9 .4 .3 .2 .1 .1 .2 .3 .4 .8 .8 .7 .6 .9 .4 .3 .43 .1 .1 .2 .8 .4 .85 .8 .7 .6 .9 .4 .3 .2 .1 .1 .2 .3 .4 .75 .8 .7 .6 .9 .4 .3 .2 .1 .1 .2 .3 .4
.9 .8 .7 .6 .9 .8 .3 .2 .1 .1 .2 .3 .4 .8 .8 .7 .6 .9 .4 .3 .22 .1 .1 .2 .3 .4 .85 .8 .7 .6 .9 .4 .3 .2 .1 .1 .2 .3 .4 .75 .8 .7 .6 .9 .4 .3 .2 .1 .1 .2 .3 .4
.9 .8 .7 .6 .9 .4 .3 .2 .1 .1 .2 .3 .4 .8 .8 .7 .6 .9 .4 .3 .16 .1 .1 .2 .8 .4 .85 .8 .7 .6 .9 .4 .3 .2 .1 .1 .2 .3 .4 .75 .8 .7 .6 .9 .4 .3 .2 .1 .1 .2 .3 .4
.9 .8 .7 .6 .9 .4 .3 .2 .1 .1 .2 .3 .4 .8 .8 .7 .6 .9 .4 .3 .88 .1 .1 .2 .3 .4 .85 .8 .7 .6 .9 .4 .3 .2 .1 .1 .2 .3 .4 .75 .8 .7 .6 .9 .4 .3 .2 .1 .1 .2 .3 .4
.9 .8 .7 .6 .9 .4 .3 .2 .1 .1 .2 .3 .4 .8 .8 .7 .6 .9 .4 .3 .55 .1 .1 .2 .3 .4 .85 .8 .7 .6 .9 .4 .3 .2 .1 .1 .2 .3 .4 .75 .8 .7 .6 .9 .4 .3 .2 .1 .1 .2 .3 .4
.9 .8 .7 .6 .9 .4 .3 .2 .1 .1 .2 .3 .4 .8 .8 .7 .6 .9 .4 .3 .98 .1 .8 .2 .3 .4 .85 .8 .7 .6 .9 .4 .3 .2 .1 .1 .2 .3 .4 .75 .8 .7 .6 .9 .4 .3 .2 .1 .1 .2 .3 .4
.9 .8 .7 .6 .9 .4 .3 .2 .1 .1 .2 .3 .4 .8 .8 .7 .6 .9 .4 .3 .5 .1 .3 .2 .3 .4 .85 .8 .7 .6 .9 .4 .3 .2 .1 .1 .2 .3 .4 .75 .8 .7 .6 .9 .4 .3 .2 .1 .1 .2 .3 .4
