16
4 4
16
.9 .8 .7 .6 .9 .4 .3 .2 .1 .1 .2 .3 .4 .2 .3 .4
.8 .8 .7 .6 .9 .4 .3 .2 .1 .1 .2 .3 .4 .2 .3 .4
.85 .8 .7 .6 .9 .4 .3 .2 .1 .1 .2 .3 .4 .2 .3 .4
.75 .8 .7 .6 .9 .4 .3 .2 .1 .1 .2 .3 .4 .2 .3 .4
.7 .8 .7 .6 .9 .4 .3 .2 .1 .1 .2 .3 .4 .2 .3 .4
.65 .8 .7 .6 .9 .4 .3 .2 .1 .1 .2 .3 .4 .2 .3 .4
.6 .8 .7 .6 .9 .4 .3 .2 .1 .1 .2 .3 .4 .2 .3 .4
.55 .8 .7 .6 .9 .4 .3 .2 .1 .1 .2 .3 .4 .2 .3 .4
.5 .8 .7 .6 .9 .4 .3 .2 .1 .1 .2 .3 .4 .2 .3 .4
.45 .8 .7 .6 .9 .4 .3 .2 .1 .1 .2 .3 .4 .2 .3 .4
.4 .8 .7 .6 .9 .4 .3 .2 .1 .1 .2 .3 .4 .2 .3 .4
.35 .8 .7 .6 .9 .4 .3 .2 .1 .1 .2 .3 .4 .2 .3 .4
.3 .8 .7 .6 .9 .4 .3 .2 .1 .1 .2 .3 .4 .2 .3 .4
.25 .8 .7 .6 .9 .4 .3 .2 .1 .1 .2 .3 .4 .2 .3 .4
.2 .8 .7 .6 .9 .4 .3 .2 .1 .1 .2 .3 .4 .2 .3 .4
.1 .8 .7 .6 .9 .4 .3 .2 .1 .1 .2 .3 .4 .2 .3 .4
