100 25 49
255.0 254.0 0.0 2.0 254.0 255.0 3.0 4.0 5.0 6.0 4.0 0.0 2.0 4.0 255.0 3.0 3.0 1.0 1.0 1.0 0.0 253.0 255.0 2.0 1.0 254.0 255.0 255.0 2.0 255.0 6.0 4.0 252.0 1.0 5.0 0.0 254.0 1.0 1.0 0.0 0.0 255.0 255.0 252.0 251.0 254.0 4.0 255.0 248.0 1 1 1 0 0 1 2 1 0 255 0 1 1 255 255 255 0 0 255 255 255 0 0 1 255
255.0 3.0 1.0 254.0 254.0 1.0 255.0 2.0 4.0 253.0 253.0 3.0 1.0 1.0 1.0 0.0 254.0 6.0 0.0 1.0 3.0 255.0 255.0 255.0 255.0 2.0 251.0 5.0 1.0 5.0 253.0 2.0 2.0 3.0 1.0 0.0 255.0 254.0 255.0 6.0 255.0 255.0 255.0 248.0 1.0 5.0 0.0 0.0 254.0 0 255 254 255 0 255 255 255 0 1 255 255 255 0 1 255 255 0 1 1 255 0 1 1 1
1.0 255.0 2.0 3.0 7.0 255.0 1.0 1.0 1.0 0.0 2.0 1.0 255.0 0.0 1.0 3.0 2.0 252.0 0.0 255.0 5.0 251.0 5.0 5.0 1.0 248.0 1.0 6.0 3.0 1.0 2.0 254.0 3.0 3.0 255.0 255.0 255.0 1.0 0.0 252.0 0.0 0.0 0.0 254.0 5.0 253.0 1.0 254.0 3.0 0 0 0 0 0 2 1 255 254 255 2 1 255 254 0 1 0 255 255 0 0 0 255 255 255
255.0 1.0 254.0 8.0 2.0 255.0 2.0 255.0 0.0 1.0 2.0 4.0 254.0 255.0 255.0 5.0 3.0 253.0 1.0 1.0 252.0 1.0 6.0 4.0 0.0 255.0 0.0 5.0 3.0 255.0 9.0 0.0 253.0 1.0 0.0 0.0 0.0 250.0 1.0 5.0 255.0 251.0 254.0 3.0 255.0 7.0 1.0 6.0 4.0 0 0 2 1 0 1 1 1 0 0 1 1 1 0 0 1 1 0 0 0 0 0 1 2 1
255.0 2.0 1.0 0.0 3.0 0.0 255.0 254.0 255.0 6.0 248.0 252.0 253.0 2.0 1.0 252.0 0.0 6.0 5.0 1.0 1.0 0.0 5.0 5.0 4.0 1.0 254.0 1.0 1.0 0.0 253.0 251.0 2.0 0.0 4.0 255.0 251.0 254.0 2.0 2.0 0.0 0.0 6.0 4.0 254.0 3.0 0.0 255.0 253.0 0 1 255 254 255 0 1 0 255 255 0 1 0 255 255 255 255 255 0 0 0 255 255 1 1
0.0 255.0 7.0 3.0 255.0 1.0 0.0 253.0 2.0 253.0 5.0 255.0 254.0 1.0 1.0 1.0 252.0 3.0 5.0 252.0 3.0 254.0 1.0 1.0 253.0 2.0 253.0 255.0 0.0 4.0 255.0 253.0 251.0 5.0 253.0 0.0 0.0 4.0 2.0 252.0 2.0 251.0 255.0 253.0 2.0 255.0 255.0 255.0 3.0 255 0 1 0 255 255 0 0 0 255 255 255 255 255 254 0 0 255 254 254 0 0 254 254 254
1.0 0.0 6.0 13.0 4.0 5.0 2.0 254.0 1.0 1.0 1.0 251.0 1.0 249.0 252.0 3.0 0.0 255.0 253.0 0.0 5.0 253.0 255.0 4.0 253.0 3.0 3.0 5.0 5.0 253.0 5.0 254.0 2.0 11.0 251.0 2.0 251.0 255.0 4.0 252.0 255.0 255.0 255.0 3.0 2.0 2.0 254.0 4.0 3.0 1 2 3 2 1 0 0 255 254 255 255 255 254 255 0 254 255 255 1 1 255 255 0 1 2
5.0 2.0 2.0 1.0 7.0 255.0 3.0 1.0 249.0 1.0 3.0 249.0 3.0 254.0 0.0 5.0 250.0 255.0 255.0 254.0 253.0 3.0 5.0 255.0 6.0 252.0 2.0 2.0 11.0 251.0 255.0 1.0 0.0 3.0 255.0 255.0 255.0 9.0 1.0 2.0 8.0 0.0 4.0 3.0 253.0 0.0 3.0 4.0 3.0 0 0 0 255 255 255 254 254 254 254 0 255 254 255 255 1 0 0 0 0 1 0 1 1 1
255.0 3.0 0.0 5.0 250.0 3.0 2.0 3.0 254.0 251.0 0.0 6.0 2.0 3.0 254.0 253.0 254.0 255.0 6.0 2.0 3.0 2.0 2.0 3.0 0.0 249.0 255.0 4.0 3.0 255.0 1.0 4.0 254.0 253.0 2.0 8.0 0.0 254.0 2.0 10.0 255.0 3.0 4.0 3.0 0.0 2.0 8.0 255.0 254.0 255 255 255 0 1 254 254 255 0 1 255 255 255 255 0 1 0 255 255 255 1 0 0 0 0
3.0 2.0 0.0 3.0 0.0 7.0 251.0 2.0 3.0 9.0 253.0 250.0 254.0 1.0 2.0 3.0 2.0 0.0 1.0 252.0 1.0 255.0 4.0 251.0 255.0 2.0 0.0 6.0 253.0 2.0 253.0 2.0 2.0 1.0 255.0 255.0 3.0 6.0 2.0 255.0 3.0 0.0 255.0 254.0 253.0 3.0 254.0 4.0 7.0 2 1 255 254 254 1 0 255 255 255 0 0 0 0 0 0 0 0 0 1 0 255 255 0 1
7.0 251.0 2.0 2.0 254.0 1.0 254.0 254.0 1.0 2.0 0.0 254.0 3.0 255.0 252.0 1.0 254.0 4.0 2.0 254.0 0.0 0.0 6.0 0.0 4.0 3.0 3.0 0.0 1.0 255.0 254.0 0.0 2.0 5.0 0.0 3.0 0.0 4.0 4.0 1.0 255.0 0.0 4.0 7.0 6.0 0.0 0.0 4.0 255.0 255 255 0 0 255 0 1 1 1 0 0 1 2 2 1 1 1 2 2 1 2 2 2 1 0
1.0 254.0 253.0 2.0 3.0 2.0 252.0 3.0 255.0 2.0 1.0 252.0 0.0 0.0 254.0 0.0 3.0 1.0 252.0 1.0 3.0 3.0 0.0 253.0 2.0 4.0 0.0 250.0 5.0 0.0 2.0 3.0 0.0 255.0 3.0 255.0 0.0 1.0 2.0 2.0 3.0 1.0 4.0 255.0 1.0 255.0 253.0 1.0 5.0 254 255 255 254 254 255 255 255 254 254 0 0 0 0 254 0 0 1 1 0 0 255 0 0 1
2.0 252.0 2.0 4.0 255.0 2.0 255.0 0.0 0.0 5.0 7.0 1.0 2.0 5.0 1.0 3.0 2.0 251.0 253.0 254.0 2.0 0.0 250.0 254.0 2.0 255.0 2.0 4.0 255.0 3.0 5.0 0.0 251.0 251.0 251.0 3.0 1.0 255.0 1.0 4.0 1.0 2.0 1.0 5.0 2.0 0.0 255.0 255.0 3.0 254 0 1 1 1 254 255 255 0 1 255 255 255 255 0 0 0 0 0 0 1 1 0 0 0
2.0 255.0 1.0 255.0 0.0 8.0 3.0 2.0 5.0 1.0 254.0 4.0 0.0 255.0 254.0 2.0 0.0 0.0 10.0 255.0 2.0 2.0 4.0 6.0 1.0 3.0 255.0 2.0 251.0 251.0 2.0 255.0 1.0 2.0 2.0 1.0 2.0 4.0 1.0 4.0 1.0 255.0 255.0 3.0 2.0 2.0 1.0 1.0 2.0 1 0 0 1 2 1 1 1 1 1 1 2 2 1 0 1 2 2 1 0 1 2 2 1 0
8.0 3.0 254.0 3.0 1.0 3.0 1.0 0.0 255.0 5.0 1.0 1.0 0.0 253.0 255.0 2.0 1.0 255.0 2.0 255.0 1.0 255.0 2.0 254.0 253.0 255.0 1.0 3.0 2.0 2.0 3.0 254.0 253.0 0.0 2.0 1.0 255.0 1.0 3.0 0.0 253.0 3.0 1.0 2.0 255.0 3.0 1.0 252.0 4.0 1 1 0 0 1 0 0 255 255 255 0 0 255 254 0 0 0 255 254 255 1 0 255 255 255
3.0 1.0 254.0 251.0 254.0 1.0 3.0 0.0 253.0 5.0 4.0 254.0 1.0 254.0 255.0 1.0 7.0 2.0 0.0 4.0 253.0 1.0 3.0 0.0 252.0 0.0 2.0 252.0 0.0 2.0 255.0 2.0 2.0 254.0 5.0 253.0 3.0 1.0 4.0 1.0 4.0 253.0 252.0 4.0 255.0 255.0 0.0 4.0 6.0 1 0 255 255 255 1 1 0 255 255 1 1 0 0 255 0 0 0 0 255 255 0 0 0 1
1.0 3.0 254.0 6.0 0.0 7.0 0.0 1.0 254.0 2.0 1.0 247.0 253.0 1.0 4.0 253.0 4.0 0.0 2.0 0.0 0.0 2.0 252.0 255.0 0.0 6.0 252.0 254.0 254.0 5.0 3.0 255.0 0.0 255.0 253.0 4.0 253.0 249.0 3.0 4.0 2.0 4.0 4.0 6.0 4.0 4.0 0.0 255.0 2.0 0 0 0 0 0 255 255 255 255 254 254 254 254 255 255 255 255 255 0 0 0 0 0 1 0
7.0 0.0 251.0 253.0 8.0 4.0 0.0 253.0 1.0 255.0 2.0 253.0 0.0 1.0 0.0 0.0 251.0 253.0 252.0 254.0 0.0 252.0 254.0 10.0 2.0 2.0 7.0 4.0 255.0 253.0 248.0 3.0 0.0 2.0 2.0 2.0 4.0 1.0 255.0 5.0 255.0 252.0 255.0 2.0 3.0 4.0 0.0 255.0 254.0 255 254 255 255 1 254 254 255 255 0 255 255 255 0 1 0 0 1 2 1 0 0 1 2 1
4.0 0.0 3.0 2.0 0.0 2.0 1.0 0.0 1.0 252.0 253.0 3.0 4.0 255.0 254.0 0.0 5.0 4.0 0.0 7.0 0.0 7.0 4.0 3.0 4.0 4.0 4.0 1.0 2.0 2.0 1.0 1.0 3.0 254.0 1.0 255.0 252.0 3.0 254.0 1.0 15.0 253.0 255.0 254.0 5.0 4.0 1.0 2.0 2.0 0 255 0 1 1 255 0 1 2 2 0 1 2 2 2 1 1 1 2 2 0 0 1 2 2
2.0 1.0 252.0 254.0 2.0 251.0 1.0 4.0 255.0 255.0 0.0 0.0 0.0 0.0 7.0 0.0 3.0 255.0 1.0 11.0 254.0 4.0 1.0 0.0 255.0 254.0 255.0 254.0 254.0 1.0 0.0 253.0 255.0 254.0 253.0 15.0 253.0 253.0 255.0 2.0 254.0 7.0 2.0 2.0 2.0 253.0 255.0 6.0 4.0 0 255 254 255 255 1 255 255 255 255 1 0 254 254 255 1 0 254 254 255 1 0 254 254 0
251.0 1.0 2.0 254.0 254.0 5.0 253.0 0.0 0.0 4.0 2.0 254.0 2.0 1.0 11.0 254.0 252.0 1.0 1.0 4.0 4.0 255.0 254.0 3.0 255.0 5.0 253.0 3.0 254.0 253.0 253.0 6.0 0.0 2.0 0.0 254.0 7.0 3.0 1.0 2.0 4.0 4.0 6.0 4.0 0.0 4.0 3.0 7.0 5.0 255 255 0 255 0 255 255 255 0 1 255 0 0 1 1 0 1 1 2 1 1 1 2 2 2
5.0 253.0 254.0 3.0 2.0 251.0 2.0 2.0 1.0 254.0 0.0 1.0 1.0 254.0 4.0 4.0 254.0 3.0 255.0 0.0 0.0 253.0 3.0 4.0 254.0 251.0 1.0 0.0 2.0 0.0 1.0 1.0 1.0 255.0 5.0 4.0 4.0 4.0 255.0 9.0 6.0 2.0 7.0 5.0 0.0 2.0 8.0 3.0 2.0 0 0 254 254 254 0 255 254 254 254 1 0 255 255 255 1 1 1 0 1 2 2 1 2 3
251.0 2.0 0.0 255.0 2.0 1.0 3.0 1.0 254.0 0.0 0.0 6.0 2.0 0.0 0.0 0.0 255.0 0.0 2.0 1.0 4.0 1.0 0.0 255.0 254.0 254.0 3.0 10.0 255.0 5.0 5.0 1.0 0.0 1.0 1.0 6.0 2.0 4.0 3.0 1.0 255.0 254.0 3.0 2.0 2.0 4.0 3.0 2.0 4.0 254 255 255 0 1 254 254 255 0 1 255 255 0 0 1 1 1 0 0 0 2 2 1 0 0
1.0 3.0 1.0 0.0 254.0 254.0 254.0 2.0 0.0 2.0 5.0 252.0 255.0 2.0 1.0 4.0 3.0 4.0 4.0 1.0 2.0 3.0 10.0 3.0 1.0 7.0 6.0 6.0 1.0 1.0 255.0 255.0 254.0 0.0 0.0 255.0 254.0 255.0 1.0 2.0 0.0 0.0 2.0 4.0 2.0 0.0 3.0 254.0 2.0 1 2 1 0 255 2 2 2 2 2 2 1 1 2 3 1 1 255 0 1 0 0 0 1 1
254.0 254.0 254.0 252.0 1.0 5.0 7.0 255.0 2.0 2.0 1.0 1.0 0.0 1.0 1.0 2.0 255.0 255.0 0.0 255.0 254.0 6.0 6.0 4.0 1.0 255.0 2.0 2.0 0.0 0.0 2.0 255.0 253.0 3.0 1.0 0.0 0.0 2.0 2.0 0.0 4.0 255.0 254.0 2.0 3.0 6.0 255.0 254.0 0.0 255 255 255 255 1 2 1 0 255 254 3 2 0 255 255 1 1 0 0 255 1 1 1 1 0
5.0 7.0 10.0 4.0 254.0 1.0 1.0 0.0 1.0 2.0 255.0 0.0 1.0 1.0 255.0 254.0 253.0 255.0 0.0 0.0 255.0 2.0 2.0 2.0 0.0 0.0 5.0 3.0 3.0 1.0 3.0 2.0 1.0 3.0 3.0 4.0 255.0 253.0 1.0 3.0 255.0 1.0 254.0 0.0 2.0 254.0 2.0 3.0 4.0 3 2 1 0 0 255 255 255 0 0 0 255 255 0 1 0 0 0 0 1 0 0 0 0 1
1.0 1.0 0.0 255.0 252.0 4.0 3.0 1.0 1.0 255.0 255.0 2.0 2.0 3.0 0.0 255.0 253.0 255.0 0.0 253.0 254.0 5.0 3.0 0.0 2.0 0.0 3.0 2.0 3.0 3.0 4.0 4.0 255.0 1.0 3.0 255.0 1.0 3.0 1.0 1.0 252.0 252.0 3.0 4.0 0.0 0.0 6.0 4.0 254.0 0 255 255 255 0 0 255 255 255 0 1 1 0 0 0 2 2 2 1 0 2 1 1 1 0
4.0 3.0 0.0 1.0 5.0 0.0 4.0 2.0 3.0 4.0 1.0 1.0 2.0 3.0 253.0 254.0 2.0 254.0 255.0 2.0 1.0 3.0 2.0 3.0 1.0 1.0 1.0 1.0 1.0 3.0 2.0 2.0 2.0 255.0 254.0 252.0 252.0 255.0 0.0 1.0 1.0 254.0 4.0 254.0 1.0 1.0 1.0 3.0 1.0 1 2 1 1 1 1 1 0 0 0 0 1 1 1 255 0 0 1 1 255 255 0 0 0 0
0.0 4.0 5.0 2.0 5.0 1.0 254.0 2.0 3.0 2.0 3.0 4.0 255.0 3.0 2.0 1.0 254.0 0.0 3.0 4.0 8.0 1.0 1.0 2.0 3.0 2.0 4.0 5.0 255.0 254.0 2.0 0.0 2.0 5.0 6.0 1.0 254.0 0.0 0.0 8.0 11.0 13.0 3.0 1.0 6.0 8.0 11.0 10.0 15.0 2 2 2 2 1 0 0 0 1 2 255 0 0 1 3 255 0 0 2 4 0 0 3 6 8
1.0 254.0 3.0 13.0 15.0 15.0 17.0 255.0 3.0 10.0 15.0 15.0 17.0 16.0 4.0 8.0 8.0 11.0 17.0 19.0 11.0 4.0 5.0 8.0 15.0 13.0 6.0 3.0 5.0 6.0 10.0 17.0 8.0 253.0 251.0 11.0 13.0 15.0 15.0 6.0 255.0 249.0 10.0 15.0 19.0 13.0 1.0 251.0 249.0 2 5 11 15 16 4 7 11 14 13 6 9 12 12 9 7 11 12 10 4 10 12 12 8 1
15.0 17.0 15.0 4.0 254.0 250.0 252.0 17.0 16.0 8.0 0.0 252.0 250.0 252.0 19.0 11.0 2.0 251.0 249.0 249.0 253.0 6.0 3.0 250.0 248.0 247.0 249.0 253.0 253.0 251.0 245.0 246.0 248.0 252.0 254.0 255.0 249.0 245.0 248.0 249.0 253.0 255.0 251.0 249.0 247.0 249.0 249.0 253.0 253.0 14 10 4 254 251 9 4 254 251 250 4 254 251 250 250 254 250 249 250 251 252 249 249 250 251
250.0 252.0 253.0 254.0 0.0 0.0 1.0 250.0 252.0 253.0 254.0 254.0 1.0 1.0 249.0 253.0 255.0 255.0 1.0 0.0 255.0 249.0 253.0 254.0 255.0 1.0 1.0 0.0 252.0 254.0 255.0 255.0 1.0 0.0 1.0 253.0 255.0 255.0 255.0 1.0 0.0 1.0 253.0 253.0 255.0 255.0 1.0 2.0 1.0 251 253 254 255 255 251 253 254 0 255 252 253 255 255 0 253 254 255 0 0 254 255 255 255 0
0.0 1.0 3.0 3.0 2.0 1.0 2.0 1.0 1.0 2.0 3.0 2.0 1.0 1.0 0.0 255.0 1.0 4.0 1.0 255.0 0.0 1.0 0.0 1.0 3.0 2.0 0.0 0.0 0.0 1.0 2.0 2.0 1.0 1.0 1.0 0.0 1.0 1.0 1.0 1.0 1.0 1.0 2.0 1.0 1.0 0.0 1.0 1.0 1.0 0 0 1 2 1 0 0 1 1 0 0 0 1 1 0 1 1 1 1 1 1 1 0 1 1
1.0 2.0 1.0 1.0 1.0 1.0 2.0 1.0 1.0 1.0 0.0 0.0 1.0 1.0 255.0 0.0 1.0 1.0 1.0 2.0 0.0 0.0 0.0 1.0 0.0 2.0 2.0 0.0 1.0 1.0 0.0 0.0 2.0 2.0 1.0 1.0 1.0 0.0 1.0 1.0 2.0 1.0 1.0 1.0 2.0 0.0 0.0 1.0 1.0 0 0 0 0 0 0 0 0 0 0 0 0 0 1 0 0 0 0 1 0 0 0 0 1 0
1.0 2.0 2.0 1.0 0.0 0.0 1.0 1.0 1.0 1.0 0.0 0.0 1.0 255.0 2.0 0.0 255.0 255.0 0.0 1.0 255.0 2.0 0.0 0.0 1.0 1.0 1.0 0.0 2.0 1.0 1.0 2.0 0.0 1.0 1.0 2.0 1.0 1.0 1.0 255.0 255.0 1.0 1.0 1.0 1.0 1.0 255.0 1.0 2.0 0 0 255 255 255 255 255 255 0 0 0 255 0 0 255 0 0 0 255 255 0 0 255 255 255
0.0 1.0 1.0 0.0 0.0 0.0 0.0 1.0 255.0 255.0 0.0 1.0 1.0 1.0 1.0 255.0 0.0 1.0 2.0 3.0 3.0 1.0 0.0 1.0 3.0 3.0 4.0 3.0 1.0 1.0 2.0 3.0 4.0 3.0 2.0 255.0 1.0 2.0 3.0 3.0 1.0 0.0 1.0 2.0 2.0 3.0 2.0 0.0 255.0 254 255 255 0 0 255 255 0 1 2 255 0 1 1 2 0 1 2 2 2 0 1 2 2 1
0.0 0.0 0.0 0.0 2.0 1.0 0.0 1.0 1.0 1.0 0.0 2.0 1.0 254.0 3.0 3.0 2.0 0.0 0.0 0.0 0.0 4.0 3.0 2.0 1.0 1.0 2.0 2.0 3.0 2.0 0.0 1.0 1.0 1.0 1.0 1.0 0.0 255.0 255.0 254.0 255.0 255.0 0.0 255.0 255.0 0.0 0.0 1.0 1.0 0 255 0 0 0 1 0 0 0 0 1 1 0 0 0 1 0 0 0 0 0 0 255 255 255
1.0 0.0 0.0 1.0 1.0 0.0 0.0 1.0 254.0 254.0 255.0 0.0 0.0 1.0 0.0 0.0 0.0 1.0 2.0 2.0 2.0 2.0 2.0 2.0 2.0 1.0 1.0 1.0 1.0 1.0 0.0 0.0 255.0 255.0 0.0 255.0 255.0 255.0 255.0 255.0 0.0 1.0 1.0 1.0 1.0 1.0 1.0 0.0 255.0 255 255 255 255 255 0 0 0 0 0 0 0 0 0 0 0 0 0 0 255 255 255 255 255 255
0.0 0.0 1.0 1.0 255.0 1.0 2.0 0.0 1.0 2.0 2.0 0.0 0.0 1.0 2.0 2.0 1.0 1.0 0.0 0.0 1.0 1.0 1.0 255.0 0.0 0.0 0.0 0.0 255.0 0.0 255.0 0.0 1.0 1.0 0.0 0.0 1.0 1.0 0.0 2.0 1.0 1.0 0.0 255.0 1.0 1.0 3.0 2.0 1.0 0 0 0 255 255 0 0 0 255 255 0 255 255 255 255 255 255 255 0 0 255 0 255 0 0
1.0 2.0 2.0 2.0 0.0 1.0 1.0 0.0 1.0 0.0 0.0 255.0 0.0 1.0 0.0 1.0 1.0 1.0 1.0 0.0 0.0 0.0 0.0 0.0 0.0 0.0 0.0 1.0 1.0 0.0 255.0 0.0 1.0 1.0 2.0 1.0 1.0 1.0 1.0 3.0 2.0 2.0 2.0 1.0 1.0 1.0 1.0 2.0 2.0 255 0 0 255 255 255 255 255 255 0 255 255 255 255 0 0 255 0 0 1 0 0 1 1 2
1.0 1.0 0.0 0.0 1.0 0.0 0.0 0.0 1.0 0.0 1.0 1.0 1.0 1.0 0.0 0.0 0.0 0.0 0.0 1.0 1.0 0.0 1.0 0.0 0.0 0.0 0.0 0.0 1.0 2.0 1.0 1.0 1.0 0.0 255.0 2.0 2.0 1.0 0.0 0.0 0.0 255.0 2.0 2.0 1.0 0.0 0.0 0.0 255.0 255 0 0 255 255 255 255 255 255 255 0 0 0 0 0 1 1 1 0 255 1 0 0 255 255
0.0 0.0 0.0 1.0 0.0 0.0 255.0 1.0 1.0 2.0 1.0 0.0 0.0 255.0 1.0 1.0 0.0 1.0 0.0 1.0 0.0 0.0 0.0 255.0 1.0 1.0 1.0 1.0 0.0 255.0 0.0 1.0 2.0 3.0 3.0 0.0 255.0 0.0 2.0 3.0 3.0 3.0 0.0 255.0 0.0 3.0 3.0 3.0 3.0 255 0 255 255 255 0 255 0 0 0 0 0 0 1 0 255 0 0 0 1 255 0 0 1 2
0.0 255.0 255.0 0.0 0.0 255.0 0.0 0.0 255.0 255.0 1.0 2.0 0.0 0.0 1.0 0.0 0.0 2.0 3.0 2.0 1.0 1.0 1.0 1.0 3.0 4.0 4.0 3.0 3.0 3.0 2.0 3.0 4.0 3.0 4.0 3.0 3.0 3.0 3.0 3.0 2.0 1.0 3.0 3.0 2.0 2.0 2.0 0.0 255.0 254 255 0 1 0 255 0 1 2 1 0 1 2 3 3 1 2 2 3 2 2 2 2 2 2
255.0 0.0 0.0 1.0 2.0 3.0 4.0 0.0 0.0 0.0 2.0 4.0 6.0 5.0 2.0 1.0 3.0 4.0 4.0 2.0 2.0 4.0 3.0 4.0 4.0 1.0 254.0 254.0 3.0 4.0 2.0 1.0 255.0 0.0 0.0 2.0 1.0 0.0 255.0 255.0 1.0 2.0 0.0 255.0 255.0 255.0 0.0 1.0 1.0 0 0 1 2 2 1 1 2 2 1 2 1 1 0 255 1 0 0 255 255 1 0 255 255 255
3.0 4.0 3.0 3.0 1.0 1.0 0.0 6.0 5.0 1.0 254.0 0.0 3.0 2.0 2.0 2.0 0.0 255.0 1.0 1.0 1.0 254.0 254.0 254.0 255.0 0.0 254.0 255.0 0.0 0.0 0.0 254.0 0.0 0.0 0.0 1.0 2.0 3.0 2.0 3.0 2.0 0.0 1.0 1.0 3.0 5.0 4.0 2.0 0.0 2 1 0 0 0 0 255 255 255 255 255 255 254 255 255 255 0 0 0 0 0 1 1 1 1
1.0 0.0 1.0 1.0 1.0 2.0 1.0 3.0 2.0 1.0 1.0 3.0 3.0 1.0 1.0 1.0 3.0 2.0 1.0 1.0 1.0 254.0 255.0 2.0 2.0 254.0 254.0 255.0 0.0 0.0 0.0 0.0 0.0 255.0 253.0 2.0 0.0 1.0 1.0 0.0 1.0 0.0 2.0 0.0 3.0 2.0 0.0 1.0 4.0 0 0 0 0 0 0 0 0 0 255 255 0 0 255 254 0 255 0 255 254 0 1 0 0 255
2.0 1.0 2.0 0.0 1.0 255.0 1.0 3.0 1.0 1.0 1.0 2.0 0.0 255.0 1.0 1.0 0.0 1.0 0.0 0.0 1.0 254.0 255.0 255.0 1.0 0.0 2.0 2.0 255.0 253.0 255.0 2.0 3.0 4.0 2.0 1.0 0.0 4.0 5.0 4.0 3.0 2.0 1.0 4.0 7.0 4.0 2.0 1.0 1.0 0 0 255 255 255 255 255 255 255 255 254 255 0 0 0 254 255 1 2 2 0 1 2 3 2
255.0 1.0 2.0 255.0 0.0 2.0 2.0 0.0 255.0 0.0 1.0 3.0 3.0 2.0 0.0 1.0 0.0 2.0 2.0 3.0 2.0 2.0 2.0 0.0 1.0 255.0 253.0 0.0 4.0 2.0 0.0 2.0 1.0 253.0 255.0 3.0 2.0 2.0 3.0 2.0 1.0 0.0 1.0 1.0 1.0 0.0 0.0 1.0 1.0 0 0 0 0 1 0 0 0 0 1 0 1 0 0 0 1 1 0 0 255 1 1 1 0 0
2.0 2.0 1.0 1.0 1.0 1.0 1.0 3.0 2.0 0.0 0.0 1.0 1.0 0.0 3.0 2.0 1.0 1.0 0.0 255.0 0.0 253.0 0.0 0.0 1.0 1.0 0.0 1.0 253.0 255.0 255.0 0.0 1.0 1.0 2.0 1.0 0.0 254.0 255.0 1.0 1.0 2.0 1.0 1.0 255.0 255.0 0.0 1.0 2.0 1 0 0 0 0 1 0 0 255 255 0 0 255 255 255 0 255 255 0 0 255 254 255 0 0
1.0 1.0 0.0 0.0 1.0 1.0 1.0 1.0 0.0 255.0 255.0 0.0 0.0 0.0 255.0 0.0 254.0 255.0 255.0 0.0 255.0 0.0 1.0 1.0 1.0 1.0 0.0 0.0 1.0 2.0 2.0 3.0 2.0 1.0 1.0 1.0 2.0 1.0 2.0 2.0 1.0 1.0 1.0 2.0 1.0 2.0 2.0 2.0 3.0 255 255 255 255 255 255 255 255 255 255 255 255 255 0 255 0 0 1 1 1 1 1 0 1 1
1.0 1.0 1.0 1.0 1.0 2.0 1.0 0.0 0.0 255.0 255.0 255.0 0.0 1.0 0.0 255.0 255.0 0.0 0.0 1.0 2.0 0.0 0.0 0.0 0.0 0.0 1.0 1.0 1.0 1.0 1.0 0.0 1.0 1.0 1.0 1.0 1.0 1.0 2.0 1.0 1.0 2.0 2.0 3.0 3.0 3.0 2.0 2.0 1.0 255 254 254 255 255 254 254 254 255 255 255 255 255 0 0 1 1 1 1 1 1 1 1 1 1
2.0 1.0 0.0 0.0 1.0 0.0 0.0 0.0 1.0 0.0 0.0 0.0 1.0 2.0 1.0 2.0 1.0 1.0 0.0 0.0 1.0 1.0 1.0 2.0 2.0 0.0 255.0 0.0 1.0 1.0 2.0 3.0 1.0 255.0 0.0 1.0 2.0 1.0 1.0 1.0 0.0 1.0 2.0 1.0 0.0 1.0 2.0 2.0 2.0 0 0 255 255 255 0 0 0 0 0 0 1 1 0 0 1 1 1 1 0 0 0 0 0 0
0.0 0.0 1.0 2.0 2.0 0.0 1.0 1.0 2.0 3.0 2.0 255.0 0.0 1.0 0.0 1.0 1.0 0.0 1.0 1.0 1.0 255.0 0.0 0.0 254.0 1.0 0.0 1.0 255.0 0.0 1.0 255.0 0.0 0.0 2.0 0.0 1.0 1.0 255.0 255.0 1.0 2.0 2.0 2.0 2.0 1.0 0.0 1.0 0.0 0 0 0 255 0 0 0 0 255 255 0 0 255 255 255 0 0 0 255 0 0 0 255 255 255
0.0 1.0 3.0 3.0 0.0 0.0 3.0 0.0 1.0 1.0 1.0 1.0 0.0 1.0 1.0 1.0 1.0 0.0 0.0 2.0 2.0 0.0 1.0 2.0 0.0 254.0 255.0 0.0 0.0 2.0 4.0 2.0 255.0 254.0 254.0 1.0 2.0 1.0 0.0 1.0 1.0 0.0 1.0 0.0 254.0 254.0 0.0 1.0 2.0 0 0 0 0 255 0 0 255 255 0 0 1 255 255 255 1 1 0 0 255 0 0 0 0 255
0.0 3.0 4.0 3.0 0.0 0.0 1.0 0.0 1.0 1.0 1.0 3.0 2.0 3.0 2.0 2.0 1.0 1.0 2.0 3.0 2.0 255.0 0.0 2.0 1.0 1.0 2.0 0.0 254.0 254.0 0.0 0.0 0.0 1.0 0.0 1.0 0.0 0.0 0.0 255.0 0.0 0.0 1.0 2.0 1.0 0.0 0.0 255.0 255.0 0 0 1 1 0 0 1 0 1 1 255 255 255 0 1 254 255 0 0 0 255 255 0 0 0
0.0 1.0 2.0 3.0 2.0 2.0 1.0 2.0 3.0 3.0 3.0 2.0 2.0 2.0 3.0 2.0 2.0 2.0 3.0 6.0 6.0 2.0 0.0 255.0 0.0 2.0 2.0 4.0 1.0 0.0 255.0 254.0 254.0 254.0 255.0 0.0 0.0 255.0 255.0 253.0 254.0 253.0 255.0 255.0 0.0 0.0 255.0 255.0 253.0 0 0 1 2 1 0 0 0 1 2 0 255 255 0 0 0 0 254 254 255 0 255 255 254 254
2.0 1.0 2.0 3.0 2.0 3.0 5.0 2.0 2.0 3.0 5.0 5.0 4.0 5.0 6.0 6.0 5.0 4.0 5.0 2.0 3.0 2.0 4.0 3.0 1.0 0.0 255.0 255.0 254.0 255.0 253.0 253.0 253.0 253.0 252.0 254.0 253.0 252.0 252.0 253.0 252.0 252.0 255.0 253.0 253.0 253.0 253.0 254.0 255.0 2 2 3 2 2 2 3 2 2 1 1 1 0 0 255 255 254 254 253 253 254 253 253 253 252
3.0 5.0 8.0 5.0 2.0 3.0 3.0 4.0 5.0 7.0 8.0 7.0 6.0 5.0 2.0 3.0 4.0 4.0 5.0 7.0 8.0 255.0 255.0 2.0 0.0 0.0 3.0 4.0 253.0 252.0 254.0 250.0 251.0 253.0 254.0 252.0 252.0 252.0 250.0 250.0 250.0 251.0 254.0 255.0 253.0 254.0 251.0 250.0 251.0 3 4 5 5 4 2 2 3 4 4 254 255 255 0 1 252 252 252 252 252 252 252 251 251 251
3.0 3.0 3.0 1.0 1.0 255.0 253.0 6.0 5.0 2.0 2.0 3.0 3.0 4.0 7.0 8.0 7.0 7.0 4.0 0.0 3.0 3.0 4.0 4.0 5.0 4.0 2.0 6.0 253.0 254.0 254.0 254.0 2.0 6.0 8.0 250.0 251.0 251.0 249.0 250.0 254.0 254.0 250.0 251.0 254.0 253.0 253.0 254.0 255.0 4 3 2 1 1 4 3 3 2 2 1 1 1 1 1 253 255 254 254 255 251 252 253 253 254
255.0 253.0 0.0 0.0 1.0 255.0 0.0 3.0 4.0 2.0 253.0 251.0 251.0 254.0 0.0 3.0 2.0 0.0 254.0 253.0 254.0 2.0 6.0 7.0 7.0 6.0 5.0 7.0 6.0 8.0 8.0 8.0 8.0 10.0 13.0 254.0 254.0 253.0 255.0 0.0 4.0 6.0 254.0 255.0 254.0 255.0 253.0 254.0 254.0 0 255 255 254 254 3 2 1 0 255 3 3 3 2 2 2 3 4 4 5 0 1 0 1 2
255.0 0.0 253.0 251.0 1.0 5.0 6.0 251.0 254.0 251.0 249.0 254.0 1.0 0.0 253.0 254.0 255.0 253.0 252.0 251.0 250.0 5.0 7.0 12.0 14.0 9.0 5.0 1.0 10.0 13.0 15.0 17.0 12.0 11.0 12.0 4.0 6.0 9.0 9.0 11.0 13.0 7.0 254.0 254.0 0.0 1.0 253.0 0.0 255.0 253 252 253 253 254 255 0 0 0 254 3 5 6 6 4 7 9 10 10 8 4 5 7 6 6
5.0 6.0 2.0 6.0 8.0 2.0 3.0 1.0 0.0 251.0 253.0 0.0 0.0 1.0 251.0 250.0 249.0 248.0 250.0 252.0 251.0 5.0 1.0 8.0 10.0 7.0 7.0 7.0 11.0 12.0 20.0 27.0 24.0 24.0 27.0 13.0 7.0 4.0 6.0 7.0 12.0 19.0 0.0 255.0 249.0 247.0 247.0 248.0 248.0 254 254 254 254 254 253 253 253 254 255 3 3 4 6 6 8 8 10 12 12 4 4 4 6 6
2.0 3.0 3.0 250.0 251.0 0.0 253.0 0.0 1.0 3.0 2.0 0.0 253.0 249.0 252.0 251.0 0.0 6.0 5.0 0.0 0.0 7.0 7.0 5.0 9.0 9.0 7.0 3.0 24.0 27.0 21.0 26.0 28.0 24.0 18.0 12.0 19.0 21.0 30.0 34.0 36.0 41.0 248.0 248.0 253.0 3.0 6.0 12.0 24.0 255 255 254 254 253 255 0 1 2 0 7 9 11 12 12 14 15 18 20 21 8 10 13 16 18
0.0 253.0 253.0 252.0 245.0 242.0 241.0 253.0 249.0 246.0 246.0 249.0 249.0 245.0 0.0 0.0 250.0 247.0 250.0 250.0 252.0 7.0 3.0 255.0 251.0 250.0 251.0 254.0 24.0 18.0 13.0 11.0 9.0 10.0 4.0 36.0 41.0 43.0 42.0 44.0 43.0 34.0 12.0 24.0 30.0 32.0 38.0 36.0 40.0 252 250 248 247 247 255 251 250 249 250 9 5 4 2 2 19 17 16 14 13 21 22 23 23 23
242.0 241.0 238.0 236.0 236.0 239.0 244.0 249.0 245.0 240.0 241.0 243.0 242.0 240.0 250.0 252.0 252.0 253.0 255.0 254.0 249.0 251.0 254.0 4.0 7.0 3.0 0.0 252.0 10.0 4.0 12.0 16.0 2.0 250.0 249.0 43.0 34.0 29.0 23.0 0.0 247.0 249.0 36.0 40.0 37.0 31.0 14.0 5.0 0.0 245 243 244 244 244 250 251 251 252 251 3 3 3 2 254 13 13 12 8 1 25 24 21 13 5
239.0 244.0 243.0 248.0 248.0 251.0 253.0 242.0 240.0 244.0 243.0 243.0 244.0 246.0 254.0 249.0 249.0 250.0 248.0 246.0 245.0 0.0 252.0 252.0 2.0 3.0 1.0 255.0 250.0 249.0 252.0 254.0 255.0 1.0 2.0 247.0 249.0 250.0 246.0 246.0 245.0 248.0 5.0 0.0 251.0 251.0 253.0 252.0 249.0 244 246 246 247 248 249 248 249 249 249 251 249 250 252 251 251 250 250 252 253 255 252 252 253 252
251.0 253.0 253.0 252.0 252.0 3.0 4.0 244.0 246.0 248.0 248.0 249.0 253.0 255.0 246.0 245.0 246.0 248.0 246.0 245.0 247.0 1.0 255.0 251.0 249.0 248.0 249.0 244.0 1.0 2.0 3.0 2.0 2.0 1.0 250.0 245.0 248.0 252.0 253.0 253.0 252.0 252.0 252.0 249.0 243.0 242.0 244.0 244.0 241.0 248 249 249 249 251 249 248 249 248 248 252 251 251 250 250 253 253 253 253 252 252 251 251 250 251
3.0 4.0 5.0 5.0 2.0 0.0 5.0 253.0 255.0 0.0 3.0 3.0 5.0 7.0 245.0 247.0 250.0 254.0 255.0 0.0 5.0 249.0 244.0 243.0 245.0 245.0 244.0 251.0 1.0 250.0 247.0 244.0 243.0 241.0 241.0 252.0 252.0 253.0 247.0 239.0 241.0 241.0 244.0 241.0 249.0 250.0 247.0 249.0 250.0 253 254 255 0 0 249 250 250 252 253 248 248 247 247 246 250 248 245 244 243 249 248 246 245 244
0.0 5.0 5.0 2.0 1.0 1.0 254.0 5.0 7.0 7.0 7.0 4.0 5.0 8.0 0.0 5.0 7.0 6.0 6.0 1.0 1.0 244.0 251.0 2.0 3.0 0.0 0.0 255.0 241.0 241.0 244.0 249.0 250.0 251.0 251.0 241.0 241.0 240.0 245.0 252.0 249.0 246.0 249.0 250.0 249.0 250.0 251.0 252.0 253.0 2 3 4 3 1 255 2 3 2 1 249 251 253 254 254 243 245 249 250 250 244 246 249 251 251
1.0 254.0 251.0 253.0 247.0 246.0 240.0 5.0 8.0 10.0 13.0 10.0 9.0 3.0 1.0 1.0 1.0 8.0 16.0 28.0 29.0 0.0 255.0 251.0 250.0 255.0 12.0 18.0 251.0 251.0 250.0 251.0 252.0 255.0 2.0 249.0 246.0 246.0 253.0 255.0 0.0 1.0 252.0 253.0 253.0 252.0 251.0 253.0 0.0 1 1 1 2 2 1 1 2 7 12 253 253 253 2 9 250 249 249 252 0 250 249 249 250 252
246.0 240.0 241.0 242.0 240.0 241.0 241.0 9.0 3.0 247.0 250.0 250.0 249.0 249.0 28.0 29.0 16.0 5.0 7.0 8.0 3.0 12.0 18.0 14.0 9.0 11.0 12.0 10.0 255.0 2.0 2.0 1.0 0.0 253.0 1.0 0.0 1.0 8.0 4.0 0.0 251.0 253.0 253.0 0.0 10.0 17.0 15.0 10.0 9.0 1 254 252 251 250 13 10 7 4 3 11 11 8 5 4 4 6 5 3 2 255 3 5 5 5
241.0 241.0 242.0 244.0 245.0 246.0 245.0 249.0 249.0 247.0 248.0 253.0 251.0 249.0 8.0 3.0 1.0 1.0 254.0 252.0 251.0 12.0 10.0 6.0 255.0 0.0 251.0 251.0 253.0 1.0 5.0 2.0 3.0 1.0 254.0 251.0 253.0 9.0 15.0 12.0 18.0 9.0 10.0 9.0 10.0 14.0 18.0 19.0 13.0 250 249 249 248 249 2 1 0 254 252 3 3 2 2 0 2 3 5 7 5 4 6 8 11 11
246.0 245.0 246.0 249.0 252.0 4.0 12.0 251.0 249.0 250.0 252.0 250.0 249.0 253.0 252.0 251.0 252.0 253.0 251.0 250.0 250.0 251.0 251.0 250.0 250.0 251.0 252.0 250.0 1.0 254.0 248.0 244.0 246.0 248.0 250.0 18.0 9.0 0.0 251.0 248.0 246.0 246.0 19.0 13.0 7.0 7.0 5.0 255.0 249.0 249 248 249 250 252 252 251 250 250 250 255 252 249 249 248 3 254 250 249 247 7 3 0 253 251
4.0 12.0 16.0 13.0 14.0 13.0 8.0 249.0 253.0 1.0 7.0 14.0 18.0 19.0 250.0 250.0 250.0 250.0 0.0 5.0 14.0 252.0 250.0 246.0 247.0 247.0 244.0 245.0 248.0 250.0 248.0 247.0 248.0 244.0 241.0 246.0 246.0 248.0 248.0 248.0 246.0 244.0 255.0 249.0 246.0 247.0 248.0 248.0 247.0 254 2 4 6 8 249 250 251 254 0 248 248 248 248 249 248 248 247 247 244 249 248 248 247 246
13.0 8.0 1.0 251.0 250.0 252.0 245.0 18.0 19.0 20.0 16.0 7.0 0.0 245.0 5.0 14.0 28.0 35.0 30.0 25.0 18.0 244.0 245.0 255.0 11.0 24.0 38.0 42.0 244.0 241.0 238.0 237.0 242.0 252.0 8.0 246.0 244.0 244.0 240.0 237.0 235.0 237.0 248.0 247.0 245.0 245.0 243.0 241.0 238.0 10 10 10 9 7 5 10 15 18 19 251 255 4 9 14 244 244 246 251 0 244 243 242 243 245
252.0 245.0 245.0 249.0 245.0 246.0 245.0 0.0 245.0 245.0 247.0 245.0 249.0 247.0 25.0 18.0 4.0 255.0 0.0 253.0 253.0 38.0 42.0 40.0 30.0 21.0 18.0 13.0 252.0 8.0 29.0 43.0 43.0 36.0 31.0 235.0 237.0 246.0 10.0 21.0 12.0 17.0 241.0 238.0 237.0 239.0 246.0 247.0 253.0 3 255 253 250 250 17 14 8 5 3 17 19 20 19 17 6 14 21 25 24 248 254 5 11 12
246.0 245.0 242.0 242.0 245.0 245.0 250.0 249.0 247.0 245.0 249.0 247.0 247.0 246.0 253.0 253.0 0.0 253.0 252.0 250.0 248.0 18.0 13.0 7.0 0.0 249.0 246.0 247.0 36.0 31.0 20.0 5.0 249.0 244.0 239.0 12.0 17.0 27.0 19.0 16.0 20.0 13.0 247.0 253.0 5.0 14.0 32.0 56.0 66.0 249 248 247 246 247 2 0 253 251 249 14 11 6 0 250 21 17 12 5 0 12 12 11 11 13
245.0 250.0 251.0 253.0 255.0 0.0 3.0 247.0 246.0 247.0 250.0 251.0 250.0 255.0 250.0 248.0 249.0 250.0 247.0 245.0 248.0 246.0 247.0 247.0 244.0 243.0 245.0 246.0 244.0 239.0 239.0 237.0 238.0 242.0 241.0 20.0 13.0 1.0 245.0 237.0 238.0 241.0 56.0 66.0 60.0 44.0 24.0 12.0 6.0 247 249 250 251 252 247 248 248 248 248 246 242 240 239 240 252 249 243 241 240 17 18 13 7 2
0.0 3.0 6.0 2.0 1.0 4.0 1.0 250.0 255.0 255.0 0.0 0.0 2.0 254.0 245.0 248.0 250.0 253.0 253.0 255.0 254.0 245.0 246.0 244.0 246.0 247.0 250.0 251.0 242.0 241.0 242.0 244.0 245.0 247.0 250.0 238.0 241.0 241.0 242.0 245.0 243.0 246.0 12.0 6.0 3.0 254.0 251.0 246.0 247.0 254 255 255 0 0 248 250 251 252 253 242 243 246 247 250 242 243 244 245 247 254 250 247 247 246
4.0 1.0 1.0 3.0 2.0 4.0 3.0 2.0 254.0 0.0 1.0 0.0 1.0 1.0 255.0 254.0 255.0 255.0 0.0 255.0 0.0 250.0 251.0 251.0 252.0 255.0 254.0 255.0 247.0 250.0 249.0 250.0 252.0 252.0 254.0 243.0 246.0 248.0 249.0 249.0 250.0 252.0 246.0 247.0 251.0 253.0 251.0 249.0 251.0 255 0 0 0 1 253 254 254 255 255 250 251 252 253 254 248 249 250 251 252 247 248 250 251 251
4.0 3.0 3.0 3.0 4.0 4.0 5.0 1.0 1.0 2.0 3.0 3.0 2.0 4.0 255.0 0.0 1.0 2.0 2.0 1.0 1.0 254.0 255.0 255.0 255.0 255.0 255.0 255.0 252.0 254.0 254.0 254.0 255.0 255.0 255.0 250.0 252.0 253.0 254.0 254.0 255.0 255.0 249.0 251.0 252.0 252.0 253.0 254.0 253.0 1 1 1 1 2 0 0 0 0 0 255 254 254 254 255 253 253 253 254 254 251 252 253 253 254
4.0 5.0 7.0 3.0 254.0 254.0 255.0 2.0 4.0 5.0 6.0 4.0 3.0 3.0 1.0 1.0 1.0 4.0 6.0 4.0 4.0 255.0 255.0 0.0 1.0 2.0 2.0 1.0 255.0 255.0 255.0 1.0 1.0 2.0 1.0 255.0 255.0 254.0 0.0 255.0 1.0 1.0 254.0 253.0 254.0 255.0 255.0 0.0 1.0 3 3 3 2 2 0 0 2 3 3 255 255 1 1 2 254 254 255 0 0 253 253 254 255 255
254.0 255.0 253.0 254.0 255.0 255.0 255.0 3.0 3.0 2.0 1.0 255.0 255.0 255.0 4.0 4.0 4.0 2.0 255.0 255.0 255.0 2.0 1.0 2.0 2.0 0.0 0.0 254.0 2.0 1.0 2.0 3.0 3.0 1.0 254.0 1.0 1.0 1.0 2.0 3.0 1.0 2.0 0.0 1.0 1.0 1.0 0.0 0.0 2.0 1 0 0 255 255 3 2 0 0 255 2 1 1 0 255 0 1 1 0 0 255 1 1 0 0
255.0 255.0 3.0 9.0 8.0 3.0 1.0 255.0 255.0 255.0 3.0 6.0 4.0 0.0 255.0 255.0 253.0 0.0 2.0 3.0 2.0 0.0 254.0 255.0 254.0 253.0 254.0 0.0 1.0 254.0 255.0 254.0 252.0 252.0 255.0 1.0 2.0 1.0 255.0 255.0 0.0 255.0 0.0 2.0 1.0 0.0 1.0 1.0 0.0 255 255 1 3 2 254 253 254 255 255 254 254 252 253 253 255 255 254 253 252 1 1 254 254 254
3.0 1.0 2.0 4.0 10.0 14.0 14.0 4.0 0.0 253.0 254.0 255.0 9.0 19.0 3.0 2.0 253.0 251.0 251.0 255.0 8.0 254.0 0.0 1.0 254.0 253.0 251.0 1.0 252.0 255.0 2.0 2.0 0.0 254.0 254.0 0.0 255.0 1.0 2.0 2.0 1.0 253.0 1.0 0.0 0.0 0.0 253.0 0.0 254.0 1 255 254 255 3 0 254 252 251 254 254 255 253 252 252 253 255 255 255 254 254 254 0 255 254
14.0 14.0 12.0 3.0 1.0 1.0 0.0 9.0 19.0 18.0 4.0 0.0 3.0 1.0 255.0 8.0 14.0 7.0 3.0 2.0 252.0 251.0 1.0 10.0 9.0 5.0 3.0 2.0 254.0 254.0 5.0 6.0 3.0 2.0 4.0 1.0 253.0 0.0 5.0 6.0 2.0 1.0 0.0 254.0 1.0 2.0 4.0 3.0 2.0 9 12 9 5 3 3 7 8 6 4 0 3 6 5 3 254 0 3 4 4 254 255 1 3 3
1.0 0.0 254.0 253.0 253.0 255.0 0.0 3.0 1.0 255.0 254.0 254.0 254.0 255.0 2.0 252.0 1.0 0.0 0.0 255.0 255.0 3.0 2.0 0.0 0.0 1.0 1.0 255.0 2.0 4.0 1.0 0.0 0.0 0.0 0.0 2.0 1.0 3.0 2.0 1.0 255.0 255.0 3.0 2.0 2.0 2.0 2.0 0.0 255.0 0 0 255 254 254 1 0 255 255 255 2 1 0 0 0 2 1 0 0 0 2 2 1 1 0
255.0 0.0 2.0 0.0 0.0 2.0 3.0 254.0 255.0 1.0 0.0 1.0 2.0 0.0 255.0 255.0 255.0 255.0 0.0 1.0 255.0 1.0 255.0 0.0 255.0 255.0 1.0 0.0 0.0 0.0 0.0 255.0 255.0 255.0 255.0 255.0 255.0 255.0 0.0 0.0 1.0 255.0 0.0 255.0 0.0 1.0 1.0 3.0 0.0 254 0 0 0 0 255 255 255 255 255 255 255 255 255 0 0 0 255 255 255 0 255 0 255 255
2.0 3.0 2.0 4.0 3.0 2.0 2.0 2.0 0.0 1.0 5.0 4.0 2.0 2.0 1.0 255.0 0.0 3.0 4.0 2.0 3.0 1.0 0.0 0.0 1.0 2.0 4.0 3.0 255.0 255.0 0.0 0.0 0.0 3.0 3.0 1.0 255.0 0.0 1.0 255.0 255.0 1.0 3.0 0.0 0.0 0.0 255.0 255.0 0.0 0 1 2 2 2 255 0 0 1 1 255 255 0 0 1 255 255 255 0 0 0 0 255 254 255
2.0 2.0 1.0 0.0 0.0 255.0 1.0 2.0 2.0 2.0 255.0 0.0 0.0 1.0 2.0 3.0 1.0 1.0 1.0 1.0 2.0 4.0 3.0 0.0 2.0 2.0 2.0 3.0 3.0 3.0 2.0 2.0 2.0 2.0 3.0 255.0 1.0 3.0 0.0 1.0 2.0 1.0 255.0 0.0 3.0 1.0 1.0 2.0 1.0 2 2 1 0 255 2 2 1 0 0 2 1 0 0 1 1 1 0 0 1 0 0 0 0 1
255.0 1.0 1.0 0.0 1.0 0.0 1.0 0.0 1.0 0.0 255.0 0.0 1.0 2.0 1.0 2.0 1.0 0.0 0.0 1.0 254.0 2.0 3.0 3.0 2.0 0.0 0.0 0.0 2.0 3.0 2.0 1.0 1.0 2.0 2.0 2.0 1.0 0.0 255.0 1.0 3.0 1.0 2.0 1.0 255.0 255.0 0.0 2.0 3.0 0 0 0 255 0 1 0 0 255 0 2 1 0 255 0 2 1 0 255 0 1 0 255 255 255
0.0 1.0 0.0 0.0 2.0 1.0 255.0 1.0 2.0 2.0 1.0 0.0 0.0 0.0 1.0 254.0 0.0 2.0 3.0 3.0 2.0 0.0 0.0 255.0 1.0 3.0 3.0 1.0 2.0 2.0 1.0 1.0 2.0 2.0 1.0 3.0 1.0 1.0 1.0 1.0 1.0 2.0 2.0 3.0 2.0 0.0 255.0 255.0 0.0 0 0 0 0 1 255 255 0 1 1 255 255 0 0 2 0 0 0 0 1 1 1 0 0 0
1.0 255.0 255.0 1.0 2.0 2.0 4.0 0.0 0.0 0.0 0.0 1.0 0.0 3.0 3.0 2.0 0.0 254.0 1.0 1.0 2.0 3.0 1.0 255.0 0.0 254.0 255.0 1.0 2.0 1.0 0.0 3.0 252.0 255.0 2.0 1.0 2.0 2.0 2.0 0.0 255.0 0.0 255.0 0.0 1.0 1.0 2.0 255.0 254.0 0 255 255 254 0 1 0 255 255 255 2 0 255 255 254 1 0 0 254 254 0 0 0 255 254
2.0 4.0 2.0 0.0 1.0 2.0 1.0 0.0 3.0 3.0 1.0 255.0 254.0 255.0 1.0 2.0 3.0 3.0 3.0 1.0 255.0 255.0 1.0 1.0 2.0 4.0 3.0 0.0 255.0 2.0 0.0 255.0 1.0 2.0 1.0 255.0 0.0 1.0 2.0 1.0 1.0 3.0 255.0 254.0 0.0 3.0 2.0 0.0 1.0 1 1 1 0 255 255 0 1 1 0 255 0 0 1 1 255 255 0 0 1 255 255 0 0 0
2.0 1.0 3.0 3.0 4.0 0.0 1.0 254.0 255.0 254.0 1.0 255.0 2.0 3.0 1.0 255.0 0.0 1.0 255.0 2.0 2.0 3.0 0.0 0.0 255.0 2.0 1.0 1.0 2.0 1.0 254.0 253.0 1.0 255.0 255.0 1.0 3.0 2.0 0.0 253.0 0.0 0.0 0.0 1.0 3.0 1.0 253.0 1.0 3.0 255 0 0 0 0 255 255 255 255 255 0 255 254 254 254 0 0 255 254 254 1 0 255 255 254
0.0 1.0 3.0 0.0 1.0 0.0 2.0 2.0 3.0 255.0 2.0 3.0 4.0 4.0 2.0 2.0 255.0 0.0 0.0 4.0 1.0 1.0 1.0 4.0 1.0 2.0 4.0 1.0 255.0 255.0 2.0 1.0 3.0 5.0 4.0 0.0 0.0 255.0 2.0 0.0 2.0 4.0 1.0 3.0 2.0 4.0 1.0 1.0 4.0 1 0 0 0 1 255 0 0 0 1 255 0 0 0 1 254 255 0 0 1 254 255 0 0 1
0.0 2.0 255.0 255.0 3.0 2.0 1.0 4.0 4.0 0.0 1.0 3.0 1.0 0.0 4.0 1.0 254.0 0.0 1.0 255.0 255.0 4.0 1.0 255.0 0.0 0.0 255.0 255.0 5.0 4.0 2.0 0.0 255.0 255.0 255.0 2.0 4.0 2.0 255.0 255.0 255.0 255.0 1.0 4.0 2.0 0.0 0.0 0.0 255.0 1 0 0 0 0 1 0 0 255 255 2 1 0 255 254 2 1 0 255 254 2 1 1 255 255
2.0 1.0 4.0 3.0 3.0 4.0 0.0 1.0 0.0 3.0 0.0 4.0 5.0 3.0 255.0 255.0 2.0 2.0 2.0 254.0 255.0 255.0 255.0 1.0 1.0 1.0 255.0 255.0 255.0 255.0 0.0 254.0 1.0 4.0 2.0 255.0 255.0 1.0 0.0 0.0 3.0 0.0 0.0 255.0 3.0 0.0 1.0 1.0 255.0 0 0 1 2 2 255 255 0 1 0 254 254 255 0 0 254 254 255 255 0 255 255 255 0 0
4.0 0.0 1.0 2.0 1.0 2.0 254.0 5.0 3.0 1.0 254.0 1.0 3.0 1.0 254.0 255.0 3.0 0.0 3.0 0.0 2.0 255.0 255.0 2.0 0.0 3.0 1.0 0.0 4.0 2.0 3.0 2.0 1.0 1.0 2.0 3.0 0.0 2.0 4.0 1.0 255.0 1.0 1.0 255.0 0.0 0.0 1.0 0.0 0.0 1 0 0 0 1 0 0 0 0 0 0 0 0 0 0 0 1 1 0 0 1 0 0 0 0
2.0 254.0 3.0 0.0 1.0 2.0 255.0 3.0 1.0 1.0 0.0 2.0 0.0 255.0 0.0 2.0 0.0 1.0 2.0 2.0 1.0 1.0 0.0 0.0 0.0 255.0 2.0 2.0 1.0 2.0 2.0 2.0 255.0 3.0 5.0 255.0 1.0 0.0 1.0 0.0 0.0 3.0 0.0 0.0 0.0 3.0 2.0 1.0 2.0 1 0 0 0 0 0 0 255 255 0 0 0 255 255 255 0 0 255 255 1 0 255 255 1 1
